-100 -100 100 100 -4 -31 7 99 49 53 78 181 1 -100 -100 49 100 -4 -31 7 99
-100 -100 100 100 -33 -55 -7 -42 83 99 133 131 1 -100 -100 100 99 -33 -55 -7 -42
-100 -100 100 100 57 71 94 99 -62 50 60 147 1 60 -100 100 100 60 71 94 99
-100 -100 100 100 -12 -67 73 15 -10 87 40 234 1 -100 -100 100 87 -12 -67 73 15
-100 -100 100 100 76 22 95 44 -81 4 -52 144 1 -52 -100 100 100 76 22 95 44
-100 -100 100 100 -55 -42 79 -13 -61 -19 49 58 2 49 -100 100 100 49 -42 79 -13 -100 -100 49 -19 -55 -42 49 -19
-100 -100 100 100 27 -65 53 -16 -72 32 19 157 1 -100 -100 100 32 27 -65 53 -16
-100 -100 100 100 12 -65 16 -43 -55 -31 -31 48 1 -31 -100 100 100 12 -65 16 -43
-100 -100 100 100 29 83 77 87 54 -7 146 136 1 -100 -100 54 100 29 83 54 87
-100 -100 100 100 44 63 73 70 -94 47 -5 139 1 -5 -100 100 100 44 63 73 70
-100 -100 100 100 47 -9 65 43 40 -37 52 86 1 52 -100 100 100 52 -9 65 43
-100 -100 100 100 9 43 91 79 11 -47 150 5 1 -100 5 100 100 9 43 91 79
-100 -100 100 100 49 -17 49 57 -59 62 5 195 1 5 -100 100 100 49 -17 49 57
-100 -100 100 100 -56 -3 99 26 92 59 117 153 1 -100 -100 100 59 -56 -3 99 26
-100 -100 100 100 2 -13 14 89 25 -75 159 50 1 -100 -100 25 100 2 -13 14 89
-100 -100 100 100 -23 72 7 80 49 -59 100 -18 1 -100 -18 100 100 -23 72 7 80
-100 -100 100 100 41 -68 41 -4 -92 50 -72 190 1 -72 -100 100 100 41 -68 41 -4
-100 -100 100 100 44 -4 62 48 -96 -76 -14 5 1 -14 -100 100 100 44 -4 62 48
-100 -100 100 100 -69 -85 41 52 0 -69 72 -13 3 -100 -100 0 100 -69 -85 0 52 0 -100 100 -69 0 -85 41 -69 0 -13 100 100 0 -13 41 52
-100 -100 100 100 6 -16 60 63 -93 36 -69 140 1 -69 -100 100 100 6 -16 60 63
-100 -100 100 100 -12 29 65 67 -45 42 23 149 2 23 -100 100 100 23 29 65 67 -100 -100 23 42 -12 29 23 42
-100 -100 100 100 3 -89 10 -21 2 48 131 195 1 -100 -100 100 48 3 -89 10 -21
-100 -100 100 100 -83 -21 -75 2 -10 19 121 123 1 -100 -100 -10 100 -83 -21 -75 2
-100 -100 100 100 -11 -60 22 61 73 -32 88 7 1 -100 -100 73 100 -11 -60 22 61
-100 -100 100 100 -12 -40 39 -22 45 89 91 127 1 -100 -100 100 89 -12 -40 39 -22
-100 -100 100 100 -66 19 -48 55 48 27 87 161 1 -100 -100 48 100 -66 19 -48 55
-100 -100 100 100 42 64 53 64 -82 -71 16 60 1 16 -100 100 100 42 64 53 64
-100 -100 100 100 -83 -71 -83 32 41 -51 124 71 1 -100 -100 41 100 -83 -71 -83 32
-100 -100 100 100 63 -87 64 -38 -27 69 29 160 1 -100 -100 100 69 63 -87 64 -38
-100 -100 100 100 -20 -78 32 61 6 -66 54 10 3 -100 -100 6 100 -20 -78 6 61 6 -100 100 -66 6 -78 32 -66 6 10 100 100 6 10 32 61
-100 -100 100 100 -6 -15 41 67 17 -7 140 15 3 -100 -100 17 100 -6 -15 17 67 17 -100 100 -7 17 -15 41 -7 17 15 100 100 17 15 41 67
-100 -100 100 100 28 -9 50 5 43 -90 69 -12 1 -100 -12 100 100 28 -9 50 5
-100 -100 100 100 7 37 25 83 100 -16 195 124 0
-100 -100 100 100 70 -52 78 86 -94 -99 -54 -17 1 -54 -100 100 100 70 -52 78 86
-100 -100 100 100 36 33 51 44 84 -96 230 -48 1 -100 -48 100 100 36 33 51 44
-100 -100 100 100 88 -10 90 37 98 62 146 134 1 -100 -100 100 62 88 -10 90 37
-100 -100 100 100 17 22 71 44 13 -56 21 86 1 21 -100 100 100 21 22 71 44
-100 -100 100 100 65 -1 78 6 42 81 145 188 1 -100 -100 100 81 65 -1 78 6
-100 -100 100 100 89 78 89 88 7 54 45 170 1 45 -100 100 100 89 78 89 88
-100 -100 100 100 -25 -3 -18 35 69 41 87 126 1 -100 -100 69 100 -25 -3 -18 35
-100 -100 100 100 28 -41 67 11 99 -72 138 -6 1 -100 -100 99 100 28 -41 67 11
-100 -100 100 100 31 51 62 61 -18 61 74 127 1 -100 -100 100 61 31 51 62 61
-100 -100 100 100 71 -34 77 31 -8 -51 68 2 1 68 -100 100 100 71 -34 77 31
-100 -100 100 100 -90 -64 94 54 92 29 145 30 3 -100 -100 92 100 -90 -64 92 54 92 -100 100 29 92 -64 94 29 92 30 100 100 92 30 94 54
-100 -100 100 100 27 -2 48 10 -4 41 67 113 1 -100 -100 100 41 27 -2 48 10
-100 -100 100 100 -37 -8 67 81 -69 -81 65 14 2 65 -100 100 100 65 -8 67 81 -100 14 65 100 -37 14 65 81
-100 -100 100 100 -74 -56 4 -52 -5 91 29 157 1 -100 -100 100 91 -74 -56 4 -52
-100 -100 100 100 87 -40 91 93 10 -93 143 13 1 -100 13 100 100 87 13 91 93
-100 -100 100 100 29 20 42 49 -88 96 60 204 1 -100 -100 100 96 29 20 42 49
-100 -100 100 100 38 -65 51 -20 45 -35 64 5 2 -100 -100 45 100 38 -65 45 -20 45 -100 100 -35 45 -65 51 -35
-100 -100 100 100 -33 -59 91 -50 -75 41 -65 61 1 -100 -100 100 41 -33 -59 91 -50
-100 -100 100 100 81 -86 88 70 37 -14 131 0 2 -100 -100 100 -14 81 -86 88 -14 -100 0 100 100 81 0 88 70
-100 -100 100 100 22 -43 33 71 61 -3 189 61 1 -100 -100 61 100 22 -43 33 71
-100 -100 100 100 -40 -78 55 23 -66 -30 79 1 2 -100 -100 100 -30 -40 -78 55 -30 -100 1 100 100 -40 1 55 23
-100 -100 100 100 -86 -85 50 20 -12 43 103 65 1 -100 -100 100 43 -86 -85 50 20
-100 -100 100 100 26 -7 44 -7 58 62 118 137 1 -100 -100 100 62 26 -7 44 -7
-100 -100 100 100 -8 66 91 94 -77 36 73 168 1 73 -100 100 100 73 66 91 94
-100 -100 100 100 52 -77 88 -35 44 -94 146 31 0
-100 -100 100 100 -17 -82 35 -24 -49 -13 4 42 1 -100 -100 100 -13 -17 -82 35 -24
-100 -100 100 100 -32 22 -13 94 -19 -93 81 27 2 -100 -100 -19 100 -32 22 -19 94 -19 27 100 100 -19 27 -13 94
-100 -100 100 100 46 -22 55 97 78 43 181 121 1 -100 -100 78 100 46 -22 55 97
-100 -100 100 100 48 52 80 82 7 5 104 56 1 -100 56 100 100 48 56 80 82
-100 -100 100 100 76 52 76 66 -90 -22 -84 42 1 -84 -100 100 100 76 52 76 66
-100 -100 100 100 4 54 15 66 67 -7 194 93 1 -100 -100 67 100 4 54 15 66
-100 -100 100 100 7 68 74 77 -99 -40 -78 77 1 -78 -100 100 100 7 68 74 77
-100 -100 100 100 -62 80 -43 99 73 74 154 154 1 -100 -100 73 100 -62 80 -43 99
-100 -100 100 100 -1 -9 91 76 -79 -9 -56 57 1 -56 -100 100 100 -1 -9 91 76
-100 -100 100 100 55 -10 99 69 100 27 109 125 0
-100 -100 100 100 76 -3 83 17 90 66 158 116 1 -100 -100 100 66 76 -3 83 17
-100 -100 100 100 -4 -62 88 -25 73 -60 141 -58 3 -100 -100 73 100 -4 -62 73 -25 73 -100 100 -60 73 -62 88 -60 73 -58 100 100 73 -58 88 -25
-100 -100 100 100 -44 -1 -43 41 -25 -11 18 15 1 -100 -100 -25 100 -44 -1 -43 41
-100 -100 100 100 -75 9 66 51 58 85 142 219 1 -100 -100 100 85 -75 9 66 51
-100 -100 100 100 72 -70 94 56 97 -92 166 -71 1 -100 -100 97 100 72 -70 94 56
-100 -100 100 100 1 -53 81 -37 -54 7 79 136 1 -100 -100 100 7 1 -53 81 -37
-100 -100 100 100 -44 77 -17 80 99 -27 197 100 1 -100 -100 99 100 -44 77 -17 80
-100 -100 100 100 26 40 81 47 4 -88 90 -72 1 -100 -72 100 100 26 40 81 47
-100 -100 100 100 68 80 90 96 3 58 25 66 1 25 -100 100 100 68 80 90 96
-100 -100 100 100 90 -66 90 44 -39 -75 -7 -26 1 -7 -100 100 100 90 -66 90 44
-100 -100 100 100 37 87 48 95 0 46 76 77 1 -100 77 100 100 37 87 48 95
-100 -100 100 100 48 -22 69 17 -13 18 55 120 1 -100 -100 100 18 48 -22 69 17
-100 -100 100 100 -59 83 38 96 -60 13 81 60 1 -100 60 100 100 -59 83 38 96
-100 -100 100 100 -57 27 63 67 97 34 240 45 1 -100 -100 97 100 -57 27 63 67
-100 -100 100 100 -26 82 37 93 -19 -94 105 -60 1 -100 -60 100 100 -26 82 37 93
-100 -100 100 100 -39 88 36 100 13 -79 14 34 1 -100 34 100 100 -39 88 36 100
-100 -100 100 100 -24 88 0 98 -47 16 14 19 1 -100 19 100 100 -24 88 0 98
-100 -100 100 100 90 -69 100 42 -92 14 -91 121 1 -91 -100 100 100 90 -69 100 42
-100 -100 100 100 73 -76 100 -11 -100 -87 -76 38 1 -76 -100 100 100 73 -76 100 -11
-100 -100 100 100 18 -27 75 35 70 -91 119 -41 1 -100 -41 100 100 18 -27 75 35
-100 -100 100 100 -4 6 84 96 -86 -13 -45 83 1 -45 -100 100 100 -4 6 84 96
-100 -100 100 100 -56 29 12 32 76 -91 78 42 1 -100 -100 76 100 -56 29 12 32
-100 -100 100 100 -22 -33 -5 78 -100 -30 33 10 2 -100 -100 100 -30 -22 -33 -5 -30 -100 10 100 100 -22 10 -5 78
-100 -100 100 100 5 43 61 96 -18 -3 16 49 2 16 -100 100 100 16 43 61 96 -100 49 16 100 5 49 16 96
-100 -100 100 100 -39 -30 93 2 75 -44 178 58 1 -100 -100 75 100 -39 -30 75 2
-100 -100 100 100 60 22 96 51 -37 -75 -22 -9 1 -22 -100 100 100 60 22 96 51
-100 -100 100 100 34 -15 47 8 38 86 51 194 1 -100 -100 100 86 34 -15 47 8
-100 -100 100 100 5 51 66 78 -85 38 44 165 1 44 -100 100 100 44 51 66 78
-100 -100 100 100 -19 70 -10 98 -77 19 -68 161 1 -68 -100 100 100 -19 70 -10 98
-100 -100 100 100 -33 43 28 56 74 19 189 107 1 -100 -100 74 100 -33 43 28 56
-100 -100 100 100 75 37 99 84 -24 -94 52 -57 1 -100 -57 100 100 75 37 99 84
-100 -100 100 100 -4 13 6 95 5 -55 82 16 2 -100 -100 5 100 -4 13 5 95 5 16 100 100 5 16 6 95
-100 -100 100 100 25 46 58 77 -20 -10 48 84 1 48 -100 100 100 48 46 58 77
-100 -100 100 100 -58 -88 86 42 -36 38 -31 91 3 -100 -100 -36 100 -58 -88 -36 42 -31 -100 100 100 -31 -88 86 42 -36 -100 -31 38 -36 -88 -31 38
-100 -100 100 100 -39 -52 34 13 83 73 94 144 1 -100 -100 100 73 -39 -52 34 13
-100 -100 100 100 -53 -53 -17 -45 38 5 146 39 1 -100 -100 38 100 -53 -53 -17 -45
-100 -100 100 100 -51 -72 98 72 93 -72 199 -58 3 -100 -100 93 100 -51 -72 93 72 93 -100 100 -72 93 -72 98 -72 93 -58 100 100 93 -58 98 72
-100 -100 100 100 -5 -80 99 -57 48 94 64 183 1 -100 -100 100 94 -5 -80 99 -57
-100 -100 100 100 -24 26 72 36 86 47 207 59 1 -100 -100 86 100 -24 26 72 36
-100 -100 100 100 70 81 81 87 -85 62 25 177 1 25 -100 100 100 70 81 81 87
-100 -100 100 100 -79 -25 17 1 -33 15 100 21 1 -100 -100 100 15 -79 -25 17 1
-100 -100 100 100 16 68 52 70 -28 31 -3 74 1 -3 -100 100 100 16 68 52 70
-100 -100 100 100 -87 -13 13 11 89 62 209 178 1 -100 -100 89 100 -87 -13 13 11
-100 -100 100 100 -63 31 85 36 61 -61 177 57 1 -100 -100 61 100 -63 31 61 36
-100 -100 100 100 -11 -50 -5 -12 65 -8 199 49 1 -100 -100 65 100 -11 -50 -5 -12
-100 -100 100 100 32 -76 49 36 -85 -11 -37 103 1 -37 -100 100 100 32 -76 49 36
-100 -100 100 100 79 70 93 93 -5 100 101 208 0
-100 -100 100 100 80 0 93 35 -41 -70 43 43 1 43 -100 100 100 80 0 93 35
-100 -100 100 100 -6 87 32 87 -82 67 -54 150 1 -54 -100 100 100 -6 87 32 87
-100 -100 100 100 54 -63 97 78 74 49 111 76 3 -100 -100 74 100 54 -63 74 78 74 -100 100 49 74 -63 97 49 74 76 100 100 74 76 97 78
-100 -100 100 100 -1 69 57 97 33 32 87 53 1 -100 53 100 100 -1 69 57 97
-100 -100 100 100 54 -1 74 51 -51 29 97 70 1 -100 -100 100 29 54 -1 74 29
-100 -100 100 100 -14 -9 82 8 70 -77 103 -47 1 -100 -47 100 100 -14 -9 82 8
-100 -100 100 100 -75 -71 76 6 -41 -20 -29 -14 4 -100 -100 -41 100 -75 -71 -41 6 -29 -100 100 100 -29 -71 76 6 -41 -100 -29 -20 -41 -71 -29 -20 -41 -14 -29 100 -41 -14 -29 6
-100 -100 100 100 -9 83 57 100 51 96 159 103 2 -100 -100 51 100 -9 83 51 100 51 -100 100 96 51 83 57 96
-100 -100 100 100 -47 51 -1 72 83 -23 150 107 1 -100 -100 83 100 -47 51 -1 72
-100 -100 100 100 6 -63 66 52 29 -13 62 118 3 -100 -100 29 100 6 -63 29 52 62 -100 100 100 62 -63 66 52 29 -100 62 -13 29 -63 62 -13
-100 -100 100 100 7 21 85 48 -11 -80 90 -20 1 -100 -20 100 100 7 21 85 48
-100 -100 100 100 -17 4 38 23 60 83 66 151 1 -100 -100 100 83 -17 4 38 23
-100 -100 100 100 -7 -67 19 -60 -52 56 20 114 1 -100 -100 100 56 -7 -67 19 -60
-100 -100 100 100 -11 1 21 66 1 -32 130 102 1 -100 -100 1 100 -11 1 1 66
-100 -100 100 100 26 82 60 89 42 10 56 108 2 -100 -100 42 100 26 82 42 89 56 -100 100 100 56 82 60 89
-100 -100 100 100 33 -46 41 16 41 55 174 113 1 -100 -100 100 55 33 -46 41 16
-100 -100 100 100 59 -49 100 76 -84 -61 -35 11 1 -35 -100 100 100 59 -49 100 76
-100 -100 100 100 -66 -44 24 -6 -12 -57 77 -35 2 -100 -100 -12 100 -66 -44 -12 -6 -12 -35 100 100 -12 -35 24 -6
-100 -100 100 100 26 47 76 54 -5 -3 -2 147 1 -2 -100 100 100 26 47 76 54
-100 -100 100 100 -80 -50 -45 43 -98 -68 -8 -67 1 -100 -67 100 100 -80 -50 -45 43
-100 -100 100 100 -13 -24 12 30 33 47 71 157 1 -100 -100 33 100 -13 -24 12 30
-100 -100 100 100 -12 -71 2 86 57 67 69 120 1 -100 -100 57 100 -12 -71 2 86
-100 -100 100 100 8 -44 47 35 87 -90 180 58 1 -100 -100 87 100 8 -44 47 35
-100 -100 100 100 -85 0 -9 24 59 -95 112 49 1 -100 -100 59 100 -85 0 -9 24
-100 -100 100 100 -70 89 10 100 -5 -100 71 14 1 -100 14 100 100 -70 89 10 100
-100 -100 100 100 55 -63 90 53 -20 25 -10 82 1 -10 -100 100 100 55 -63 90 53
-100 -100 100 100 -89 -66 23 -59 -90 47 28 128 1 -100 -100 100 47 -89 -66 23 -59
-100 -100 100 100 45 -62 84 -29 50 -33 142 88 2 -100 -100 50 100 45 -62 50 -29 50 -100 100 -33 50 -62 84 -33
-100 -100 100 100 67 -51 75 -16 -26 -12 -13 11 1 -13 -100 100 100 67 -51 75 -16
-100 -100 100 100 -79 -14 -33 60 -6 71 91 115 1 -100 -100 -6 100 -79 -14 -33 60
-100 -100 100 100 2 21 96 62 -76 -73 -30 45 1 -30 -100 100 100 2 21 96 62
-100 -100 100 100 -7 6 11 14 -13 23 107 106 1 -100 -100 100 23 -7 6 11 14
-100 -100 100 100 -11 -25 74 85 71 -18 187 61 3 -100 -100 71 100 -11 -25 71 85 71 -100 100 -18 71 -25 74 -18 71 61 100 100 71 61 74 85
-100 -100 100 100 18 -26 66 -9 -64 -5 80 103 1 -100 -100 100 -5 18 -26 66 -9
-100 -100 100 100 10 58 33 88 -100 -33 -49 99 1 -49 -100 100 100 10 58 33 88
-100 -100 100 100 46 89 91 100 -62 65 -31 79 1 -31 -100 100 100 46 89 91 100
-100 -100 100 100 36 -61 61 34 15 -48 26 82 1 26 -100 100 100 36 -61 61 34
-100 -100 100 100 10 61 10 99 -9 -20 83 88 1 -100 88 100 100 10 88 10 99
-100 -100 100 100 -34 -44 62 59 -9 -87 63 63 1 -100 -100 -9 100 -34 -44 -9 59
-100 -100 100 100 73 -7 90 26 -9 80 22 144 1 -100 -100 100 80 73 -7 90 26
-100 -100 100 100 56 50 89 68 99 -50 123 -12 1 -100 -12 100 100 56 50 89 68
-100 -100 100 100 2 24 43 32 -84 -51 5 44 1 5 -100 100 100 5 24 43 32
-100 -100 100 100 73 44 93 50 -70 -46 64 21 1 -100 21 100 100 73 44 93 50
-100 -100 100 100 -86 8 -7 97 -49 -81 -12 54 3 -100 -100 -49 100 -86 8 -49 97 -12 -100 100 100 -12 8 -7 97 -49 54 -12 100 -49 54 -12 97
-100 -100 100 100 11 88 62 94 -94 -70 -88 23 1 -88 -100 100 100 11 88 62 94
-100 -100 100 100 76 29 86 35 31 87 102 192 1 -100 -100 100 87 76 29 86 35
-100 -100 100 100 -45 -48 10 -17 -51 83 30 103 1 -100 -100 100 83 -45 -48 10 -17
-100 -100 100 100 14 -23 73 73 75 55 133 130 1 -100 -100 75 100 14 -23 73 73
-100 -100 100 100 -42 69 15 74 30 37 67 157 1 -100 -100 30 100 -42 69 15 74
-100 -100 100 100 -84 84 -62 93 34 -98 165 -47 1 -100 -47 100 100 -84 84 -62 93
-100 -100 100 100 14 -58 44 70 -10 92 32 227 1 -100 -100 100 92 14 -58 44 70
-100 -100 100 100 -85 2 48 71 31 38 173 138 2 -100 -100 31 100 -85 2 31 71 31 -100 100 38 31 2 48 38
-100 -100 100 100 -80 77 -64 78 -84 39 -38 139 0
-100 -100 100 100 -27 54 50 82 -14 32 59 76 2 -100 -100 -14 100 -27 54 -14 82 -14 76 100 100 -14 76 50 82
-100 -100 100 100 34 77 87 77 -83 75 -76 103 1 -76 -100 100 100 34 77 87 77
-100 -100 100 100 25 72 48 77 0 -42 7 82 1 7 -100 100 100 25 72 48 77
-100 -100 100 100 -37 -77 77 41 21 -78 71 5 3 -100 -100 21 100 -37 -77 21 41 71 -100 100 100 71 -77 77 41 21 5 71 100 21 5 71 41
-100 -100 100 100 64 -64 82 -31 -39 69 109 208 1 -100 -100 100 69 64 -64 82 -31
-100 -100 100 100 63 77 94 95 -65 99 5 233 1 5 -100 100 100 63 77 94 95
-100 -100 100 100 -74 0 52 34 54 -5 136 35 1 -100 -100 54 100 -74 0 52 34
-100 -100 100 100 -9 67 91 86 86 31 163 42 1 -100 42 100 100 -9 67 91 86
-100 -100 100 100 -89 -86 28 36 -75 -19 -25 113 3 -100 -100 -75 100 -89 -86 -75 36 -25 -100 100 100 -25 -86 28 36 -75 -100 -25 -19 -75 -86 -25 -19
-100 -100 100 100 -83 -75 -68 77 60 -64 106 73 1 -100 -100 60 100 -83 -75 -68 77
-100 -100 100 100 21 60 50 98 -83 -80 22 49 1 -100 49 100 100 21 60 50 98
-100 -100 100 100 8 -65 78 -48 -43 25 14 71 1 -100 -100 100 25 8 -65 78 -48
-100 -100 100 100 85 34 100 89 -18 71 47 198 1 47 -100 100 100 85 34 100 89
-100 -100 100 100 -15 -84 -13 -68 -19 33 41 165 1 -100 -100 100 33 -15 -84 -13 -68
-100 -100 100 100 -39 59 -19 65 19 100 22 232 0
-100 -100 100 100 -58 -2 95 17 9 21 87 54 1 -100 -100 100 21 -58 -2 95 17
-100 -100 100 100 79 73 85 84 -69 4 -29 40 1 -29 -100 100 100 79 73 85 84
-100 -100 100 100 86 -15 94 27 45 -40 89 91 1 89 -100 100 100 89 -15 94 27
-100 -100 100 100 68 -30 99 16 -89 87 48 153 1 -100 -100 100 87 68 -30 99 16
-100 -100 100 100 -22 -48 45 56 -71 63 14 155 1 -100 -100 100 63 -22 -48 45 56
-100 -100 100 100 -8 -55 57 -5 -83 100 -11 180 0
-100 -100 100 100 -45 52 26 83 16 -80 78 -72 1 -100 -72 100 100 -45 52 26 83
-100 -100 100 100 -75 12 35 76 45 25 138 50 1 -100 -100 45 100 -75 12 35 76
-100 -100 100 100 -39 -27 -33 14 24 -77 105 12 1 -100 -100 24 100 -39 -27 -33 14
-100 -100 100 100 83 73 96 79 -27 -77 116 25 1 -100 25 100 100 83 73 96 79
-100 -100 100 100 -13 -34 28 64 -39 89 62 175 1 -100 -100 100 89 -13 -34 28 64
-100 -100 100 100 -20 50 91 62 54 -17 175 128 1 -100 -100 54 100 -20 50 54 62
-100 -100 100 100 -8 63 64 63 -17 -77 -7 -52 1 -100 -52 100 100 -8 63 64 63
-100 -100 100 100 47 44 85 74 9 -54 134 73 1 -100 73 100 100 47 73 85 74
-100 -100 100 100 -65 1 -25 54 -79 40 58 45 2 -100 -100 100 40 -65 1 -25 40 -100 45 100 100 -65 45 -25 54
-100 -100 100 100 19 -59 64 -34 88 -46 111 94 1 -100 -100 88 100 19 -59 64 -34
-100 -100 100 100 25 -27 79 -21 62 52 128 118 1 -100 -100 100 52 25 -27 79 -21
-100 -100 100 100 63 -69 95 78 -49 18 60 167 1 60 -100 100 100 63 -69 95 78
-100 -100 100 100 6 -74 84 -73 95 -18 145 81 1 -100 -100 100 -18 6 -74 84 -73
-100 -100 100 100 -45 -72 4 91 -77 38 25 58 2 -100 -100 100 38 -45 -72 4 38 -100 58 100 100 -45 58 4 91
-100 -100 100 100 61 -5 87 38 -23 -10 8 30 1 8 -100 100 100 61 -5 87 38
-100 -100 100 100 -30 5 -18 42 17 89 94 150 1 -100 -100 100 89 -30 5 -18 42
-100 -100 100 100 -31 90 -25 90 62 66 99 204 1 -100 -100 62 100 -31 90 -25 90
-100 -100 100 100 -59 66 70 78 -90 84 -46 203 1 -100 -100 100 84 -59 66 70 78
-100 -100 100 100 -53 -12 -17 -10 -88 -15 -84 50 1 -84 -100 100 100 -53 -12 -17 -10
-100 -100 100 100 -68 -20 -31 68 98 2 149 110 1 -100 -100 98 100 -68 -20 -31 68
-100 -100 100 100 19 16 43 81 -77 -3 46 79 1 -100 79 100 100 19 79 43 81
-100 -100 100 100 82 30 99 93 42 18 107 111 0
-100 -100 100 100 5 -70 9 -53 -1 -9 99 99 1 -100 -100 100 -9 5 -70 9 -53
-100 -100 100 100 36 2 65 99 26 43 76 123 1 -100 -100 100 43 36 2 65 43
-100 -100 100 100 45 8 80 35 80 -18 124 0 1 -100 0 100 100 45 8 80 35
-100 -100 100 100 42 74 93 86 24 -62 75 -7 1 -100 -7 100 100 42 74 93 86
-100 -100 100 100 90 61 100 90 48 -57 89 -40 1 -100 -40 100 100 90 61 100 90
-100 -100 100 100 58 -2 68 0 -54 50 53 141 1 -100 -100 100 50 58 -2 68 0
-100 -100 100 100 -85 21 -81 98 -78 -26 -20 99 1 -100 -100 -78 100 -85 21 -81 98
-100 -100 100 100 -78 32 -51 86 -40 -20 108 89 1 -100 -100 -40 100 -78 32 -51 86
-100 -100 100 100 51 75 83 76 6 -93 24 -65 1 -100 -65 100 100 51 75 83 76
-100 -100 100 100 21 -29 34 35 23 31 27 112 3 -100 -100 23 100 21 -29 23 35 27 -100 100 100 27 -29 34 35 23 -100 27 31 23 -29 27 31
-100 -100 100 100 58 -9 86 -3 63 -98 78 -52 1 -100 -52 100 100 58 -9 86 -3
-100 -100 100 100 82 -41 98 72 -64 -93 -56 -18 1 -56 -100 100 100 82 -41 98 72
-100 -100 100 100 84 28 88 74 -33 -30 -32 -18 1 -32 -100 100 100 84 28 88 74
-100 -100 100 100 84 15 89 17 55 48 172 62 1 -100 -100 100 48 84 15 89 17
-100 -100 100 100 17 -53 28 56 -20 48 126 96 1 -100 -100 100 48 17 -53 28 48
-100 -100 100 100 84 39 94 96 -30 -69 50 51 1 50 -100 100 100 84 39 94 96
-100 -100 100 100 -23 86 -5 90 -39 -62 59 17 1 -100 17 100 100 -23 86 -5 90
-100 -100 100 100 45 -74 61 -14 75 -45 148 -40 1 -100 -100 75 100 45 -74 61 -14
-100 -100 100 100 -66 89 30 90 -93 -93 47 -35 1 -100 -35 100 100 -66 89 30 90
-100 -100 100 100 64 -60 79 74 65 36 111 65 3 -100 -100 65 100 64 -60 65 74 65 -100 100 36 65 -60 79 36 65 65 100 100 65 65 79 74
-100 -100 100 100 64 23 64 26 -59 90 -11 230 1 -11 -100 100 100 64 23 64 26
-100 -100 100 100 -45 54 -4 57 2 53 72 129 1 -100 -100 2 100 -45 54 -4 57
-100 -100 100 100 37 -11 83 -4 -73 57 -18 164 1 -100 -100 100 57 37 -11 83 -4
-100 -100 100 100 33 -50 38 6 73 51 95 116 1 -100 -100 100 51 33 -50 38 6
-100 -100 100 100 -74 -79 -21 7 0 -16 131 -13 1 -100 -100 0 100 -74 -79 -21 7
-100 -100 100 100 53 44 86 88 32 -59 44 53 1 44 -100 100 100 53 44 86 88
-100 -100 100 100 -15 26 26 85 -36 43 -6 187 2 -6 -100 100 100 -6 26 26 85 -100 -100 -6 43 -15 26 -6 43
-100 -100 100 100 -60 74 2 93 -38 -77 12 23 1 -100 23 100 100 -60 74 2 93
-100 -100 100 100 -35 -83 92 -25 -66 68 6 212 1 -100 -100 100 68 -35 -83 92 -25
-100 -100 100 100 -43 49 -11 91 -15 57 89 128 2 -100 -100 -15 100 -43 49 -15 91 -15 -100 100 57 -15 49 -11 57
-100 -100 100 100 -4 -16 27 26 33 -72 86 43 1 -100 -100 33 100 -4 -16 27 26
-100 -100 100 100 63 -18 65 -8 4 31 85 86 1 -100 -100 100 31 63 -18 65 -8
-100 -100 100 100 -43 49 -21 88 -6 44 121 115 1 -100 -100 -6 100 -43 49 -21 88
-100 -100 100 100 -30 88 4 95 33 87 142 98 1 -100 -100 33 100 -30 88 4 95
-100 -100 100 100 -28 -55 54 71 31 73 75 183 1 -100 -100 100 73 -28 -55 54 71
-100 -100 100 100 66 -45 85 44 -49 51 81 80 1 -100 -100 100 51 66 -45 85 44
-100 -100 100 100 82 89 91 93 -27 -14 -1 122 1 -1 -100 100 100 82 89 91 93
-100 -100 100 100 52 -17 60 95 -11 -73 114 58 1 -100 58 100 100 52 58 60 95
-100 -100 100 100 36 41 90 100 -49 -38 65 24 1 -100 24 100 100 36 41 90 100
-100 -100 100 100 -15 22 82 96 39 -28 108 52 2 -100 -100 39 100 -15 22 39 96 39 52 100 100 39 52 82 96
-100 -100 100 100 24 -11 55 11 37 18 187 24 1 -100 -100 100 18 24 -11 55 11
-100 -100 100 100 49 40 90 100 -73 -24 -61 125 1 -61 -100 100 100 49 40 90 100
-100 -100 100 100 64 -28 79 25 -33 64 10 145 1 10 -100 100 100 64 -28 79 25
-100 -100 100 100 -50 7 -27 35 -20 -93 83 0 1 -100 -100 -20 100 -50 7 -27 35
-100 -100 100 100 -60 44 -25 46 -59 83 13 112 1 -100 -100 100 83 -60 44 -25 46
-100 -100 100 100 81 -85 91 36 -37 52 52 169 1 52 -100 100 100 81 -85 91 36
-100 -100 100 100 84 -3 98 34 50 44 64 127 1 64 -100 100 100 84 -3 98 34
-100 -100 100 100 36 -38 93 1 -14 -2 80 15 2 80 -100 100 100 80 -38 93 1 -100 -100 80 -2 36 -38 80 -2
-100 -100 100 100 -80 2 -18 76 -11 80 33 198 1 -100 -100 -11 100 -80 2 -18 76
-100 -100 100 100 48 29 56 97 -38 12 64 79 1 -100 79 100 100 48 79 56 97
-100 -100 100 100 -24 71 -24 81 63 8 206 105 1 -100 -100 63 100 -24 71 -24 81
-100 -100 100 100 52 -54 93 50 28 -20 100 37 2 -100 -100 100 -20 52 -54 93 -20 -100 37 100 100 52 37 93 50
-100 -100 100 100 -58 37 51 76 -71 99 37 114 1 -100 -100 100 99 -58 37 51 76
-100 -100 100 100 82 74 100 87 63 94 149 138 1 -100 -100 100 94 82 74 100 87
-100 -100 100 100 13 26 46 90 -22 -99 126 35 1 -100 35 100 100 13 35 46 90
-100 -100 100 100 -31 14 70 32 68 27 174 42 2 -100 -100 68 100 -31 14 68 32 68 -100 100 27 68 14 70 27
-100 -100 100 100 11 63 30 88 37 -43 128 45 1 -100 45 100 100 11 63 30 88
-100 -100 100 100 0 31 7 85 -73 -100 34 18 1 -100 18 100 100 0 31 7 85
-100 -100 100 100 25 -28 63 -19 79 29 187 96 1 -100 -100 100 29 25 -28 63 -19
-100 -100 100 100 -56 45 -39 63 88 -87 117 -64 1 -100 -100 88 100 -56 45 -39 63
-100 -100 100 100 -44 70 47 84 -54 -4 -19 136 1 -19 -100 100 100 -19 70 47 84
-100 -100 100 100 84 -17 85 34 -49 14 -46 51 1 -46 -100 100 100 84 -17 85 34
-100 -100 100 100 80 66 92 89 70 91 92 127 1 -100 -100 100 91 80 66 92 89
-100 -100 100 100 -37 54 26 83 42 58 141 134 1 -100 -100 42 100 -37 54 26 83
-100 -100 100 100 66 61 90 87 9 -22 56 -13 1 -100 -13 100 100 66 61 90 87
-100 -100 100 100 81 9 93 47 -37 -96 66 -46 1 -100 -46 100 100 81 9 93 47
-100 -100 100 100 -68 45 -15 65 -57 -13 -41 41 1 -100 41 100 100 -68 45 -15 65
-100 -100 100 100 -71 -27 -56 4 97 -24 123 32 1 -100 -100 97 100 -71 -27 -56 4
-100 -100 100 100 -58 -30 -17 7 -49 -17 54 128 2 -100 -100 -49 100 -58 -30 -49 7 -49 -100 100 -17 -49 -30 -17 -17
-100 -100 100 100 33 7 65 98 68 -43 154 42 1 -100 -100 68 100 33 7 65 98
-100 -100 100 100 47 84 94 89 -11 -66 123 23 1 -100 23 100 100 47 84 94 89
-100 -100 100 100 83 -3 97 53 51 -27 184 32 1 -100 32 100 100 83 32 97 53
-100 -100 100 100 51 47 65 83 -86 74 59 188 2 59 -100 100 100 59 47 65 83 -100 -100 59 74 51 47 59 74
-100 -100 100 100 65 6 80 79 -63 60 21 102 1 21 -100 100 100 65 6 80 79
-100 -100 100 100 67 59 74 82 -87 -45 -62 17 1 -62 -100 100 100 67 59 74 82
-100 -100 100 100 22 57 93 68 41 -59 181 -44 1 -100 -44 100 100 22 57 93 68
-100 -100 100 100 87 -33 98 11 -60 97 2 164 1 -100 -100 100 97 87 -33 98 11
-100 -100 100 100 -74 62 -71 82 -49 -55 20 -32 1 -100 -32 100 100 -74 62 -71 82
-100 -100 100 100 1 -76 6 -42 -47 26 90 113 1 -100 -100 100 26 1 -76 6 -42
-100 -100 100 100 16 26 23 33 27 -53 94 -51 1 -100 -51 100 100 16 26 23 33
-100 -100 100 100 -48 -53 -11 -33 -64 -98 83 -42 1 -100 -42 100 100 -48 -42 -11 -33
-100 -100 100 100 44 -7 72 40 -27 -100 87 -37 1 -100 -37 100 100 44 -7 72 40
-100 -100 100 100 -67 78 32 87 49 -99 129 -73 1 -100 -73 100 100 -67 78 32 87
-100 -100 100 100 -27 43 15 93 66 27 185 83 1 -100 -100 66 100 -27 43 15 93
-100 -100 100 100 18 -53 28 -52 -55 -42 -23 21 1 -23 -100 100 100 18 -53 28 -52
-100 -100 100 100 71 54 86 58 -15 -66 4 -55 1 -100 -55 100 100 71 54 86 58
-100 -100 100 100 -30 -1 25 23 62 -55 119 91 1 -100 -100 62 100 -30 -1 25 23
-100 -100 100 100 54 84 60 93 61 20 62 57 1 -100 57 100 100 54 84 60 93
-100 -100 100 100 -75 72 54 77 -14 -72 105 45 1 -100 45 100 100 -75 72 54 77
-100 -100 100 100 -76 -76 -75 32 3 51 104 87 1 -100 -100 3 100 -76 -76 -75 32
-100 -100 100 100 -60 -66 -29 32 47 87 76 180 1 -100 -100 47 100 -60 -66 -29 32
-100 -100 100 100 -24 56 35 95 3 -95 40 33 1 -100 33 100 100 -24 56 35 95
-100 -100 100 100 -42 60 75 94 52 -12 125 62 2 -100 -100 52 100 -42 60 52 94 52 62 100 100 52 62 75 94
-100 -100 100 100 -30 67 26 71 1 91 89 225 1 -100 -100 100 91 -30 67 26 71
-100 -100 100 100 -57 35 -53 53 84 -63 106 86 1 -100 -100 84 100 -57 35 -53 53
-100 -100 100 100 59 -58 64 29 -67 87 26 125 1 -100 -100 100 87 59 -58 64 29
-100 -100 100 100 -1 -54 91 -22 -72 -82 -6 64 1 -6 -100 100 100 -1 -54 91 -22
-100 -100 100 100 88 49 97 59 22 25 154 104 0
-100 -100 100 100 -25 17 92 21 43 77 69 105 1 -100 -100 100 77 -25 17 92 21
-100 -100 100 100 -18 -41 92 -3 4 -31 53 21 3 -100 -100 4 100 -18 -41 4 -3 53 -100 100 100 53 -41 92 -3 4 -100 53 -31 4 -41 53 -31
-100 -100 100 100 67 -70 96 93 74 -74 204 12 2 -100 -100 74 100 67 -70 74 93 74 12 100 100 74 12 96 93
-100 -100 100 100 -78 65 -67 65 40 69 172 134 1 -100 -100 40 100 -78 65 -67 65
-100 -100 100 100 -89 -35 34 -31 -29 -95 25 -36 1 -100 -36 100 100 -89 -35 34 -31
-100 -100 100 100 1 -90 90 -42 57 93 71 110 1 -100 -100 100 93 1 -90 90 -42
-100 -100 100 100 50 -62 81 -19 -38 -3 34 59 1 34 -100 100 100 50 -62 81 -19
-100 -100 100 100 -26 -68 92 43 -38 -58 88 21 3 88 -100 100 100 88 -68 92 43 -100 -100 88 -58 -26 -68 88 -58 -100 21 88 100 -26 21 88 43
-100 -100 100 100 66 54 73 91 67 63 137 180 2 -100 -100 67 100 66 54 67 91 67 -100 100 63 67 54 73 63
-100 -100 100 100 -44 35 44 61 97 59 162 206 1 -100 -100 97 100 -44 35 44 61
-100 -100 100 100 -11 3 99 4 -57 74 -22 132 1 -100 -100 100 74 -11 3 99 4
-100 -100 100 100 14 -33 24 60 34 10 119 152 1 -100 -100 34 100 14 -33 24 60
-100 -100 100 100 -37 79 78 82 17 12 97 143 1 -100 -100 17 100 -37 79 17 82
-100 -100 100 100 -72 -52 -34 -30 -64 0 -18 144 1 -100 -100 100 0 -72 -52 -34 -30
-100 -100 100 100 -79 53 -77 56 66 -85 85 -82 1 -100 -100 66 100 -79 53 -77 56
-100 -100 100 100 70 -55 99 93 29 57 161 120 1 -100 -100 100 57 70 -55 99 57
-100 -100 100 100 38 58 75 71 74 46 88 99 1 -100 -100 74 100 38 58 74 71
-100 -100 100 100 -45 7 36 40 41 -90 98 -52 1 -100 -52 100 100 -45 7 36 40
-100 -100 100 100 83 26 97 63 -88 -60 -68 57 1 -68 -100 100 100 83 26 97 63
-100 -100 100 100 72 18 91 89 -3 52 104 148 1 -100 -100 100 52 72 18 91 52
-100 -100 100 100 -57 -34 -49 1 94 -52 192 -6 1 -100 -100 94 100 -57 -34 -49 1
-100 -100 100 100 59 66 60 86 -67 58 46 177 1 46 -100 100 100 59 66 60 86
-100 -100 100 100 -73 68 16 80 -45 36 -42 138 2 -100 -100 -45 100 -73 68 -45 80 -42 -100 100 100 -42 68 16 80
-100 -100 100 100 -2 -90 5 95 44 -6 116 101 1 -100 -100 44 100 -2 -90 5 95
-100 -100 100 100 72 37 97 80 23 88 29 155 1 29 -100 100 100 72 37 97 80
-100 -100 100 100 -46 9 -24 86 57 -92 192 -91 1 -100 -91 100 100 -46 9 -24 86
-100 -100 100 100 -18 -10 -7 65 -33 13 69 117 1 -100 -100 100 13 -18 -10 -7 13
-100 -100 100 100 -61 42 30 65 25 -4 116 0 1 -100 0 100 100 -61 42 30 65
-100 -100 100 100 69 -68 74 31 -63 -90 -11 -86 1 -11 -100 100 100 69 -68 74 31
-100 -100 100 100 -86 -55 9 24 0 38 1 150 1 -100 -100 100 38 -86 -55 9 24
-100 -100 100 100 -8 -81 34 61 6 -27 121 105 2 -100 -100 6 100 -8 -81 6 61 6 -100 100 -27 6 -81 34 -27
-100 -100 100 100 66 18 77 40 9 54 66 74 1 -100 -100 100 54 66 18 77 40
-100 -100 100 100 24 -30 79 62 81 -84 89 -51 1 -100 -51 100 100 24 -30 79 62
-100 -100 100 100 67 -2 91 -2 -85 2 0 43 1 0 -100 100 100 67 -2 91 -2
-100 -100 100 100 -8 57 80 62 54 -25 67 124 2 -100 -100 54 100 -8 57 54 62 67 -100 100 100 67 57 80 62
-100 -100 100 100 49 -49 99 36 65 96 128 151 1 -100 -100 100 96 49 -49 99 36
-100 -100 100 100 84 89 92 92 8 91 92 173 2 92 -100 100 100 92 89 92 92 -100 -100 92 91 84 89 92 91
-100 -100 100 100 -27 13 85 39 22 89 89 157 1 -100 -100 100 89 -27 13 85 39
-100 -100 100 100 -3 63 58 65 -19 -96 76 -8 1 -100 -8 100 100 -3 63 58 65
-100 -100 100 100 -25 -4 -3 68 -78 77 -31 210 1 -100 -100 100 77 -25 -4 -3 68
-100 -100 100 100 -54 -11 -23 20 -21 -97 83 -76 1 -100 -76 100 100 -54 -11 -23 20
-100 -100 100 100 72 -17 91 34 83 -12 207 57 2 -100 -100 83 100 72 -17 83 34 83 -100 100 -12 83 -17 91 -12
-100 -100 100 100 43 67 86 83 16 51 127 192 0
-100 -100 100 100 -90 76 11 82 93 98 178 111 1 -100 -100 93 100 -90 76 11 82
-100 -100 100 100 46 -39 98 -14 -96 -17 46 -14 2 46 -100 100 100 46 -39 98 -14 -100 -100 46 -17 46 -39 46 -17
-100 -100 100 100 44 -73 80 27 -25 43 54 114 1 -100 -100 100 43 44 -73 80 27
-100 -100 100 100 -57 80 -18 98 84 -64 117 37 1 -100 -100 84 100 -57 80 -18 98
-100 -100 100 100 -5 47 28 100 -80 69 27 76 3 27 -100 100 100 27 47 28 100 -100 -100 27 69 -5 47 27 69 -100 76 27 100 -5 76 27 100
-100 -100 100 100 14 61 83 79 92 -55 101 35 1 -100 35 100 100 14 61 83 79
-100 -100 100 100 -79 0 58 94 -14 -45 88 60 2 -100 -100 -14 100 -79 0 -14 94 -14 60 100 100 -14 60 58 94
-100 -100 100 100 -60 13 -6 76 -48 50 90 79 2 -100 -100 -48 100 -60 13 -48 76 -48 -100 100 50 -48 13 -6 50
-100 -100 100 100 -15 37 -2 89 -100 -48 -22 65 1 -22 -100 100 100 -15 37 -2 89
-100 -100 100 100 -11 6 -6 95 45 48 176 65 1 -100 -100 45 100 -11 6 -6 95
-100 -100 100 100 -11 -67 42 18 44 -9 53 53 1 -100 -100 44 100 -11 -67 42 18
-100 -100 100 100 6 -83 19 72 8 88 106 103 1 -100 -100 100 88 6 -83 19 72
-100 -100 100 100 1 73 43 81 -83 95 -50 244 1 -50 -100 100 100 1 73 43 81
-100 -100 100 100 -22 -24 92 29 -34 -40 70 62 1 70 -100 100 100 70 -24 92 29
-100 -100 100 100 79 24 86 52 37 83 90 215 1 -100 -100 100 83 79 24 86 52
-100 -100 100 100 -65 53 34 61 -77 87 -17 198 1 -100 -100 100 87 -65 53 34 61
-100 -100 100 100 85 -9 89 88 -97 -64 37 42 1 37 -100 100 100 85 -9 89 88
-100 -100 100 100 -49 -70 -25 28 -41 93 -24 186 1 -100 -100 100 93 -49 -70 -25 28
-100 -100 100 100 84 -82 89 65 -47 -28 -10 16 1 -10 -100 100 100 84 -82 89 65
-100 -100 100 100 -67 41 -9 46 64 -18 132 55 1 -100 -100 64 100 -67 41 -9 46
-100 -100 100 100 87 13 90 13 70 -77 200 -35 1 -100 -35 100 100 87 13 90 13
-100 -100 100 100 -48 -89 58 -68 28 -47 85 4 1 -100 -100 100 -47 -48 -89 58 -68
-100 -100 100 100 -49 29 70 92 21 -36 22 29 3 -100 -100 21 100 -49 29 21 92 22 -100 100 100 22 29 70 92 21 29 22 100 21 29 22 92
-100 -100 100 100 -83 52 -47 89 33 98 177 111 1 -100 -100 33 100 -83 52 -47 89
-100 -100 100 100 82 46 85 90 4 83 41 98 1 41 -100 100 100 82 46 85 90
-100 -100 100 100 -76 -57 -43 -16 -9 61 -5 91 1 -100 -100 100 61 -76 -57 -43 -16
-100 -100 100 100 -42 -46 71 45 63 18 142 37 3 -100 -100 63 100 -42 -46 63 45 63 -100 100 18 63 -46 71 18 63 37 100 100 63 37 71 45
-100 -100 100 100 9 -35 69 63 58 -92 83 58 2 -100 -100 58 100 9 -35 58 63 58 58 100 100 58 58 69 63
-100 -100 100 100 -16 25 99 92 -5 3 122 41 2 -100 -100 -5 100 -16 25 -5 92 -5 41 100 100 -5 41 99 92
-100 -100 100 100 -60 -51 -39 39 84 34 168 76 1 -100 -100 84 100 -60 -51 -39 39
-100 -100 100 100 -7 -16 77 82 -2 -61 41 74 3 -100 -100 -2 100 -7 -16 -2 82 41 -100 100 100 41 -16 77 82 -2 74 41 100 -2 74 41 82
-100 -100 100 100 -68 -29 65 75 65 -60 177 51 2 -100 -100 65 100 -68 -29 65 75 65 51 100 100 65 51 65 75
-100 -100 100 100 -44 -54 76 -28 20 31 153 150 1 -100 -100 100 31 -44 -54 76 -28
-100 -100 100 100 86 87 100 90 21 86 168 153 0
-100 -100 100 100 -64 22 -31 53 -30 69 -22 129 1 -100 -100 100 69 -64 22 -31 53
-100 -100 100 100 81 -23 83 47 -10 39 7 121 1 7 -100 100 100 81 -23 83 47
-100 -100 100 100 -85 -25 53 61 -41 77 -28 186 1 -100 -100 100 77 -85 -25 53 61
-100 -100 100 100 15 24 79 57 -47 -99 -39 1 1 -39 -100 100 100 15 24 79 57
-100 -100 100 100 -40 -11 -7 -11 61 -73 192 68 1 -100 -100 61 100 -40 -11 -7 -11
-100 -100 100 100 75 33 94 100 -14 34 108 107 1 -100 -100 100 34 75 33 94 34
-100 -100 100 100 70 66 89 95 26 29 154 63 1 -100 63 100 100 70 66 89 95
-100 -100 100 100 81 -83 88 -43 -62 60 6 141 1 -100 -100 100 60 81 -83 88 -43
-100 -100 100 100 23 -88 46 -4 -68 45 42 135 1 -100 -100 100 45 23 -88 46 -4
-100 -100 100 100 47 -60 59 60 -90 9 -8 131 1 -8 -100 100 100 47 -60 59 60
-100 -100 100 100 -45 -81 42 -21 21 -70 107 2 2 -100 -100 21 100 -45 -81 21 -21 21 -100 100 -70 21 -81 42 -70
-100 -100 100 100 40 8 74 17 -51 97 82 177 1 -100 -100 100 97 40 8 74 17
-100 -100 100 100 83 -36 97 -10 64 46 199 195 1 -100 -100 100 46 83 -36 97 -10
-100 -100 100 100 -66 56 -20 91 -39 79 32 92 2 -100 -100 -39 100 -66 56 -39 91 -39 -100 100 79 -39 56 -20 79
-100 -100 100 100 -45 61 95 79 5 -87 94 -30 1 -100 -30 100 100 -45 61 95 79
-100 -100 100 100 -38 71 -34 86 -8 10 127 72 1 -100 -100 -8 100 -38 71 -34 86
-100 -100 100 100 75 53 100 64 -51 -18 87 -7 1 -100 -7 100 100 75 53 100 64
-100 -100 100 100 -72 41 51 86 -9 14 117 149 1 -100 -100 -9 100 -72 41 -9 86
-100 -100 100 100 27 19 100 21 94 -7 156 56 1 -100 -100 94 100 27 19 94 21
-100 -100 100 100 -37 -64 -6 -63 28 -44 109 -5 1 -100 -100 28 100 -37 -64 -6 -63
-100 -100 100 100 -34 49 37 73 9 15 101 81 1 -100 -100 9 100 -34 49 9 73
-100 -100 100 100 88 6 94 58 -75 28 34 84 1 34 -100 100 100 88 6 94 58
-100 -100 100 100 -15 -11 37 61 -33 -17 33 118 1 33 -100 100 100 33 -11 37 61
-100 -100 100 100 -77 49 24 62 -12 -10 1 21 1 -100 21 100 100 -77 49 24 62
-100 -100 100 100 55 -5 95 77 -98 86 -76 152 1 -76 -100 100 100 55 -5 95 77
-100 -100 100 100 51 52 68 98 5 -37 25 51 1 25 -100 100 100 51 52 68 98
-100 -100 100 100 -36 -56 67 100 -88 0 -35 132 2 -35 -100 100 100 -35 -56 67 100 -100 -100 -35 0 -36 -56 -35 0
-100 -100 100 100 -1 -66 59 -3 51 -10 196 123 2 -100 -100 51 100 -1 -66 51 -3 51 -100 100 -10 51 -66 59 -10
-100 -100 100 100 52 -57 88 55 50 -52 94 19 2 -100 -100 100 -52 52 -57 88 -52 -100 19 100 100 52 19 88 55
-100 -100 100 100 -13 47 12 70 -71 -71 53 -55 1 -100 -55 100 100 -13 47 12 70
-100 -100 100 100 41 -17 61 7 73 -48 136 36 1 -100 -100 73 100 41 -17 61 7
-100 -100 100 100 -65 -59 12 80 -40 86 21 143 1 -100 -100 100 86 -65 -59 12 80
-100 -100 100 100 68 -35 77 16 65 87 186 186 1 -100 -100 100 87 68 -35 77 16
-100 -100 100 100 -67 -77 65 -31 78 54 144 71 1 -100 -100 100 54 -67 -77 65 -31
-100 -100 100 100 -25 -32 14 2 -74 -80 -25 66 1 -25 -100 100 100 -25 -32 14 2
-100 -100 100 100 -64 -1 -41 65 57 -87 200 12 1 -100 -100 57 100 -64 -1 -41 65
-100 -100 100 100 -61 63 87 87 -55 -61 -36 59 1 -100 59 100 100 -61 63 87 87
-100 -100 100 100 -2 -75 74 -34 -16 -27 2 63 1 -100 -100 100 -27 -2 -75 74 -34
-100 -100 100 100 -41 -77 80 30 -21 -93 72 34 2 -100 -100 -21 100 -41 -77 -21 30 72 -100 100 100 72 -77 80 30
-100 -100 100 100 48 76 76 98 -50 28 -45 168 1 -45 -100 100 100 48 76 76 98
-100 -100 100 100 46 6 73 40 -32 -83 -28 5 1 -28 -100 100 100 46 6 73 40
-100 -100 100 100 -56 53 -24 60 -11 -2 99 139 1 -100 -100 -11 100 -56 53 -24 60
-100 -100 100 100 -55 20 19 99 38 47 153 107 1 -100 -100 38 100 -55 20 19 99
-100 -100 100 100 64 45 69 62 -51 -56 -44 86 1 -44 -100 100 100 64 45 69 62
-100 -100 100 100 77 -7 95 36 94 -30 233 58 1 -100 -100 94 100 77 -7 94 36
-100 -100 100 100 -14 81 72 92 -17 58 114 65 1 -100 65 100 100 -14 81 72 92
-100 -100 100 100 49 -49 100 0 -11 -26 103 17 1 -100 -100 100 -26 49 -49 100 -26
-100 -100 100 100 -56 51 35 97 47 -23 169 72 1 -100 -100 47 100 -56 51 35 97
-100 -100 100 100 -5 86 31 88 34 -49 138 -32 1 -100 -32 100 100 -5 86 31 88
-100 -100 100 100 -83 78 42 90 -54 -79 29 -78 1 -100 -78 100 100 -83 78 42 90
-100 -100 100 100 35 -69 56 77 -34 -1 17 89 1 17 -100 100 100 35 -69 56 77
-100 -100 100 100 -51 -46 45 92 -5 -34 96 53 3 -100 -100 -5 100 -51 -46 -5 92 -5 -100 100 -34 -5 -46 45 -34 -5 53 100 100 -5 53 45 92
-100 -100 100 100 5 75 56 97 -84 -72 42 -16 1 -100 -16 100 100 5 75 56 97
-100 -100 100 100 35 83 66 84 21 -91 53 -46 1 -100 -46 100 100 35 83 66 84
-100 -100 100 100 63 -22 77 72 18 -95 82 -68 1 -100 -68 100 100 63 -22 77 72
-100 -100 100 100 -80 -4 -4 28 96 -45 221 -18 1 -100 -100 96 100 -80 -4 -4 28
-100 -100 100 100 20 75 91 99 20 -54 73 -6 1 -100 -6 100 100 20 75 91 99
-100 -100 100 100 -53 -84 -30 52 70 -83 211 -72 1 -100 -100 70 100 -53 -84 -30 52
-100 -100 100 100 57 1 58 62 -32 -11 91 102 0
-100 -100 100 100 -51 82 -41 91 -19 97 122 234 1 -100 -100 -19 100 -51 82 -41 91
-100 -100 100 100 60 -13 100 20 6 -15 43 114 1 43 -100 100 100 60 -13 100 20
-100 -100 100 100 -5 -25 5 -2 -63 81 -42 94 1 -100 -100 100 81 -5 -25 5 -2
-100 -100 100 100 -75 0 100 11 -27 27 0 90 1 -100 -100 100 27 -75 0 100 11
-100 -100 100 100 72 -88 90 74 60 -39 82 -10 3 82 -100 100 100 82 -88 90 74 -100 -100 82 -39 72 -88 82 -39 -100 -10 82 100 72 -10 82 74
-100 -100 100 100 -59 70 99 93 72 -38 77 41 1 -100 41 100 100 -59 70 99 93
-100 -100 100 100 89 -49 100 -42 -17 66 113 125 1 -100 -100 100 66 89 -49 100 -42
-100 -100 100 100 69 -40 69 -21 -77 -6 -42 16 1 -42 -100 100 100 69 -40 69 -21
-100 -100 100 100 -50 21 54 44 46 -23 186 35 2 -100 -100 46 100 -50 21 46 44 46 35 100 100 46 35 54 44
-100 -100 100 100 75 3 79 22 -6 -8 138 90 0
-100 -100 100 100 82 -15 89 1 -83 -10 -39 30 1 -39 -100 100 100 82 -15 89 1
-100 -100 100 100 89 32 97 72 43 94 79 156 1 -100 -100 100 94 89 32 97 72
-100 -100 100 100 -18 21 55 32 -93 -74 -49 56 1 -49 -100 100 100 -18 21 55 32
-100 -100 100 100 49 -9 61 56 48 -69 74 -59 1 -100 -59 100 100 49 -9 61 56
-100 -100 100 100 -53 69 -26 74 22 18 76 154 1 -100 -100 22 100 -53 69 -26 74
-100 -100 100 100 6 -76 90 32 -20 50 25 132 1 -100 -100 100 50 6 -76 90 32
-100 -100 100 100 -60 -48 47 -3 7 64 147 161 1 -100 -100 100 64 -60 -48 47 -3
-100 -100 100 100 -46 -65 -45 -34 21 -67 112 -38 1 -100 -100 21 100 -46 -65 -45 -34
-100 -100 100 100 -36 52 89 65 -94 43 -24 113 1 -24 -100 100 100 -24 52 89 65
-100 -100 100 100 -23 -36 88 -34 -49 -39 16 24 1 16 -100 100 100 16 -36 88 -34
-100 -100 100 100 -90 -35 -34 70 -3 -51 5 -19 1 -100 -100 -3 100 -90 -35 -34 70
-100 -100 100 100 3 21 59 61 45 -6 59 43 3 -100 -100 45 100 3 21 45 61 59 -100 100 100 59 21 59 61 45 43 59 100 45 43 59 61
-100 -100 100 100 44 -35 93 55 8 -12 20 102 1 20 -100 100 100 44 -35 93 55
-100 -100 100 100 61 -76 66 47 17 55 119 82 1 -100 -100 100 55 61 -76 66 47
-100 -100 100 100 22 78 65 91 -85 97 20 106 1 -100 -100 100 97 22 78 65 91
-100 -100 100 100 69 -52 85 11 -24 47 31 150 1 31 -100 100 100 69 -52 85 11
-100 -100 100 100 73 29 94 65 84 -98 169 46 2 -100 -100 84 100 73 29 84 65 84 46 100 100 84 46 94 65
-100 -100 100 100 -56 40 -12 57 71 -31 177 103 1 -100 -100 71 100 -56 40 -12 57
-100 -100 100 100 81 -22 86 23 -65 -13 64 1 1 64 -100 100 100 81 -22 86 23
-100 -100 100 100 -85 -42 -11 98 -6 -48 55 3 1 -100 -100 -6 100 -85 -42 -11 98
-100 -100 100 100 -41 0 47 83 -20 14 120 19 3 -100 -100 -20 100 -41 0 -20 83 -20 -100 100 14 -20 0 47 14 -20 19 100 100 -20 19 47 83
-100 -100 100 100 42 66 63 91 9 -23 105 15 1 -100 15 100 100 42 66 63 91
-100 -100 100 100 -23 67 -19 71 64 12 73 108 1 -100 -100 64 100 -23 67 -19 71
-100 -100 100 100 -47 66 9 99 98 -53 122 -22 1 -100 -100 98 100 -47 66 9 99
-100 -100 100 100 -55 -41 -54 7 -94 -18 -49 99 1 -100 -100 100 -18 -55 -41 -54 -18
-100 -100 100 100 88 20 96 26 -45 89 98 96 1 -100 -100 100 89 88 20 96 26
-100 -100 100 100 -26 -86 50 -56 45 -43 154 -34 1 -100 -100 100 -43 -26 -86 50 -56
-100 -100 100 100 46 -50 100 84 -32 77 4 167 1 4 -100 100 100 46 -50 100 84
-100 -100 100 100 83 -26 85 13 87 -32 159 22 1 -100 -100 87 100 83 -26 85 13
-100 -100 100 100 -44 18 22 94 21 -58 93 -2 1 -100 -2 100 100 -44 18 22 94
-100 -100 100 100 67 -52 82 47 11 86 16 135 1 16 -100 100 100 67 -52 82 47
-100 -100 100 100 -84 -9 80 42 -66 31 70 147 3 -100 -100 -66 100 -84 -9 -66 42 70 -100 100 100 70 -9 80 42 -66 -100 70 31 -66 -9 70 31
-100 -100 100 100 89 -13 90 35 7 42 89 90 1 -100 -100 100 42 89 -13 90 35
-100 -100 100 100 5 41 10 82 -24 80 76 145 1 -100 -100 100 80 5 41 10 80
-100 -100 100 100 12 65 49 92 -8 -97 14 -22 1 -100 -22 100 100 12 65 49 92
-100 -100 100 100 47 -88 49 -4 100 -18 179 113 0
-100 -100 100 100 52 8 77 39 -54 -98 11 27 1 11 -100 100 100 52 8 77 39
-100 -100 100 100 71 -31 96 19 97 -37 133 8 1 -100 -100 97 100 71 -31 96 19
-100 -100 100 100 -28 39 7 47 18 25 167 148 1 -100 -100 18 100 -28 39 7 47
-100 -100 100 100 -79 -69 -46 -24 -78 18 -1 68 1 -100 -100 100 18 -79 -69 -46 -24
-100 -100 100 100 79 -63 100 46 58 -97 150 -83 1 -100 -83 100 100 79 -63 100 46
-100 -100 100 100 -81 40 97 53 -74 -38 62 38 1 -100 38 100 100 -81 40 97 53
-100 -100 100 100 -47 39 21 91 -68 -25 10 76 2 10 -100 100 100 10 39 21 91 -100 76 10 100 -47 76 10 91
-100 -100 100 100 -45 31 22 52 12 -34 26 -13 1 -100 -13 100 100 -45 31 22 52
-100 -100 100 100 19 -84 30 -84 21 30 47 112 1 -100 -100 100 30 19 -84 30 -84
-100 -100 100 100 40 -15 54 21 21 99 143 177 1 -100 -100 100 99 40 -15 54 21
-100 -100 100 100 78 -73 88 41 97 33 236 133 1 -100 -100 97 100 78 -73 88 41
-100 -100 100 100 -71 43 -12 69 -79 -21 20 115 0
-100 -100 100 100 -18 -85 15 16 2 27 28 138 1 -100 -100 100 27 -18 -85 15 16
-100 -100 100 100 12 34 100 48 91 -51 158 19 1 -100 19 100 100 12 34 100 48
-100 -100 100 100 17 48 23 86 60 -80 141 21 1 -100 -100 60 100 17 48 23 86
-100 -100 100 100 17 52 35 73 -89 5 -21 101 1 -21 -100 100 100 17 52 35 73
-100 -100 100 100 -1 -84 44 -74 42 89 63 118 1 -100 -100 100 89 -1 -84 44 -74
-100 -100 100 100 21 53 40 85 94 14 242 34 1 -100 -100 94 100 21 53 40 85
-100 -100 100 100 -24 76 45 91 -33 27 -25 110 1 -25 -100 100 100 -24 76 45 91
-100 -100 100 100 83 84 97 94 -38 65 55 90 1 55 -100 100 100 83 84 97 94
-100 -100 100 100 -78 10 67 52 -62 -54 20 40 3 -100 -100 -62 100 -78 10 -62 52 20 -100 100 100 20 10 67 52 -62 40 20 100 -62 40 20 52
