SPRING 1 16 0 2 -100 0 100 0 2 -100 0 1 100 0 1
SPRING 2 16 1 2 -60 2 -46 12 2 0 -100 0 100 2 0 -100 1 0 100 1
SPRING 3 16 2 2 -60 -7 -44 15 3 -20 -8 -6 11 2 100 0 -100 0 8 100 0 1 14 0 1 14 -28 1 -40 -28 1 -40 -27 1 -80 -27 1 -80 0 1 -100 0 1
SPRING 4 16 3 2 -60 3 -46 28 3 -20 -6 5 7 4 20 5 28 27 4 -100 -30 -100 10 100 10 100 -30 12 -100 -30 1 -100 10 1 -81 10 1 -81 -18 1 -41 -18 1 -41 -27 1 26 -27 1 26 -16 1 49 -16 1 49 10 1 100 10 1 100 -30 1
SPRING 1 16 4 2 -60 -11 -41 3 3 -20 -11 5 7 4 20 10 29 31 5 60 -15 75 6 4 -100 -10 90 -10 90 40 -100 40 3 2 25 1 2 40 1 -100 40 1
SPRING 2 16 0 2 -100 0 0 0 2 -100 0 1 0 0 1
SPRING 3 16 1 2 -60 8 -40 22 2 -100 0 100 0 2 -100 0 1 100 0 1
SPRING 4 16 2 2 -60 3 -52 20 3 -20 7 -10 26 2 0 -100 0 100 2 0 -100 1 0 100 1
SPRING 1 16 3 2 -60 2 -36 19 3 -20 -9 3 17 4 20 8 42 17 2 100 0 -100 0 6 100 0 1 21 0 1 21 -27 1 -38 -27 1 -38 0 1 -100 0 1
SPRING 2 16 4 2 -60 -7 -33 17 3 -20 13 4 35 4 20 -9 36 13 5 60 6 83 31 4 -100 -30 -100 10 100 10 100 -30 12 -100 -30 1 -100 10 1 -79 10 1 -79 -26 1 -14 -26 1 -14 10 1 1 10 1 1 -28 1 55 -28 1 55 -13 1 100 -13 1 100 -30 1
SPRING 3 16 0 4 -100 -10 90 -10 90 40 -100 40 4 -100 -10 1 90 -10 1 90 40 1 -100 40 1
SPRING 4 16 1 2 -60 -14 -47 -1 2 -100 0 0 0 6 -100 0 1 -81 0 1 -81 20 1 -26 20 1 -26 0 1 0 0 1
SPRING 1 16 2 2 -60 8 -52 30 3 -20 12 -12 30 2 -100 0 100 0 2 -100 0 1 100 0 1
SPRING 2 16 3 2 -10 -10 20 20 3 -8 -8 18 18 4 -6 -6 16 16 2 0 -100 0 100 6 0 -100 1 0 -29 1 -29 -29 1 -29 39 1 0 39 1 0 100 1
SPRING 3 16 4 2 -60 -5 -44 12 3 -20 1 -5 15 4 20 -7 36 1 5 60 -7 68 2 2 100 0 -100 0 10 100 0 1 88 0 1 88 -27 1 0 -27 1 0 -19 1 -24 -19 1 -24 -25 1 -80 -25 1 -80 0 1 -100 0 1
SPRING 4 16 0 4 -100 -30 -100 10 100 10 100 -30 4 -100 -30 1 -100 10 1 100 10 1 100 -30 1
SPRING 1 16 1 2 -60 8 -40 16 4 -100 -10 90 -10 90 40 -100 40 4 -100 -10 1 90 -10 1 90 40 1 -100 40 1
SPRING 2 16 2 2 -10 -10 20 20 3 0 0 30 30 2 -100 0 0 0 -1
SPRING 3 16 3 2 -60 3 -42 18 3 -20 -15 0 2 4 20 -5 33 18 2 -100 0 100 0 10 -100 0 1 -80 0 1 -80 -17 1 -40 -17 1 -40 -35 1 20 -35 1 20 -25 1 53 -25 1 53 0 1 100 0 1
SPRING 4 16 4 2 -60 10 -43 33 3 -20 -11 -9 12 4 20 7 38 29 5 60 1 78 28 2 0 -100 0 100 2 0 -100 1 0 100 1
SPRING 1 16 0 2 100 0 -100 0 2 100 0 1 -100 0 1
SPRING 2 16 1 2 -60 4 -49 24 4 -100 -30 -100 10 100 10 100 -30 8 -100 -30 1 -100 10 1 -79 10 1 -79 -15 1 -30 -15 1 -30 10 1 100 10 1 100 -30 1
SPRING 3 16 2 2 -60 -4 -36 16 3 -20 8 -9 16 4 -100 -10 90 -10 90 40 -100 40 4 -100 -10 1 90 -10 1 90 40 1 -100 40 1
SPRING 4 16 3 2 -60 -11 -51 14 3 -20 -3 -3 12 4 20 -7 29 10 2 -100 0 0 0 -1
SPRING 1 16 4 2 -60 -1 -48 7 3 -20 0 -11 23 4 20 7 30 17 5 60 0 78 20 2 -100 0 100 0 12 -100 0 1 -78 0 1 -78 -19 1 -30 -19 1 -30 -18 1 7 -18 1 7 0 1 42 0 1 42 -18 1 96 -18 1 96 0 1 100 0 1
SPRING 2 16 0 2 0 -100 0 100 2 0 -100 1 0 100 1
SPRING 3 16 1 2 -10 -10 20 20 2 100 0 -100 0 6 100 0 1 40 0 1 40 -30 1 -30 -30 1 -30 0 1 -100 0 1
SPRING 4 16 2 2 -60 -3 -42 8 3 -20 -15 -6 10 4 -100 -30 -100 10 100 10 100 -30 10 -100 -30 1 -100 10 1 -81 10 1 -81 29 1 -41 29 1 -41 31 1 15 31 1 15 10 1 100 10 1 100 -30 1
SPRING 1 16 3 2 -60 2 -38 18 3 -20 -3 -1 16 4 20 6 32 26 4 -100 -10 90 -10 90 40 -100 40 4 -100 -10 1 90 -10 1 90 40 1 -100 40 1
SPRING 2 16 4 2 -60 -11 -49 3 3 -20 -10 -2 5 4 20 -4 31 8 5 60 -8 86 8 2 -100 0 0 0 -1
SPRING 3 16 0 2 -100 0 100 0 2 -100 0 1 100 0 1
SPRING 4 16 1 2 -60 -5 -39 21 2 0 -100 0 100 2 0 -100 1 0 100 1
SPRING 1 16 2 2 -60 10 -36 30 3 -20 9 3 19 2 100 0 -100 0 2 100 0 1 -100 0 1
SPRING 2 16 3 2 -60 10 -37 33 3 -20 6 4 20 4 20 -3 31 14 4 -100 -30 -100 10 100 10 100 -30 12 -100 -30 1 -100 10 1 -79 10 1 -79 -9 1 -39 -9 1 -39 -13 1 1 -13 1 1 -22 1 50 -22 1 50 10 1 100 10 1 100 -30 1
SPRING 3 16 4 2 -10 -10 20 20 3 0 0 30 30 4 10 10 40 40 5 20 20 50 50 4 -100 -10 90 -10 90 40 -100 40 -1
SPRING 4 16 0 2 -100 0 0 0 2 -100 0 1 0 0 1
SPRING 1 16 1 2 -60 9 -43 20 2 -100 0 100 0 2 -100 0 1 100 0 1
SPRING 2 16 2 2 -60 2 -48 24 3 -20 -2 -5 8 2 0 -100 0 100 2 0 -100 1 0 100 1
SPRING 3 16 3 2 -60 14 -33 39 3 -20 2 -12 24 4 20 8 34 16 2 100 0 -100 0 6 100 0 1 8 0 1 8 -18 1 -40 -18 1 -40 0 1 -100 0 1
SPRING 4 16 4 2 -10 -10 20 20 3 -8 -8 18 18 4 -6 -6 16 16 5 -4 -4 14 14 4 -100 -30 -100 10 100 10 100 -30 8 -100 -30 1 -100 10 1 -31 10 1 -31 41 1 41 41 1 41 10 1 100 10 1 100 -30 1
SPRING 1 16 0 4 -100 -10 90 -10 90 40 -100 40 4 -100 -10 1 90 -10 1 90 40 1 -100 40 1
SPRING 2 16 1 2 -60 14 -45 22 2 -100 0 0 0 2 -100 0 1 0 0 1
SPRING 3 16 2 2 -60 -10 -48 2 3 -20 2 6 14 2 -100 0 100 0 8 -100 0 1 -80 0 1 -80 -30 1 -28 -30 1 -28 -18 1 26 -18 1 26 0 1 100 0 1
SPRING 4 16 3 2 -60 14 -52 22 3 -20 9 -10 21 4 20 -4 37 19 2 0 -100 0 100 2 0 -100 1 0 100 1
SPRING 1 16 4 2 -60 5 -43 16 3 -20 8 -11 35 4 20 12 44 38 5 60 -14 82 -2 2 100 0 -100 0 2 100 0 1 -100 0 1
SPRING 2 16 0 4 -100 -30 -100 10 100 10 100 -30 4 -100 -30 1 -100 10 1 100 10 1 100 -30 1
SPRING 3 16 1 2 -60 4 -50 30 4 -100 -10 90 -10 90 40 -100 40 4 -100 -10 1 90 -10 1 90 40 1 -100 40 1
SPRING 4 16 2 2 -60 8 -47 34 3 -20 9 -11 30 2 -100 0 0 0 2 -100 0 1 0 0 1
SPRING 1 16 3 2 -60 -14 -43 0 3 -20 -2 4 12 4 20 -5 45 16 2 -100 0 100 0 10 -100 0 1 -78 0 1 -78 18 1 -38 18 1 -38 30 1 2 30 1 2 34 1 63 34 1 63 0 1 100 0 1
SPRING 2 16 4 2 -60 9 -50 23 3 -20 -9 -1 1 4 20 -7 35 8 5 60 5 72 27 2 0 -100 0 100 6 0 -100 1 0 -28 1 -39 -28 1 -39 20 1 0 20 1 0 100 1
SPRING 3 16 0 2 100 0 -100 0 2 100 0 1 -100 0 1
SPRING 4 16 1 2 -10 -10 20 20 4 -100 -30 -100 10 100 10 100 -30 8 -100 -30 1 -100 10 1 -31 10 1 -31 41 1 41 41 1 41 10 1 100 10 1 100 -30 1
SPRING 1 16 2 2 -10 -10 20 20 3 -8 -8 18 18 4 -100 -10 90 -10 90 40 -100 40 8 -100 -10 1 -28 -10 1 -28 -28 1 38 -28 1 38 -10 1 90 -10 1 90 40 1 -100 40 1
SPRING 2 16 3 2 -60 -7 -40 15 3 -20 -12 -2 8 4 20 -12 44 -3 2 -100 0 0 0 -1
SPRING 3 16 4 2 -60 5 -40 15 3 -20 10 1 35 4 20 9 38 17 5 60 -13 77 7 2 -100 0 100 0 6 -100 0 1 40 0 1 40 -33 1 97 -33 1 97 0 1 100 0 1
SPRING 4 16 0 2 0 -100 0 100 2 0 -100 1 0 100 1
SPRING 1 16 1 2 -60 -9 -36 6 2 100 0 -100 0 6 100 0 1 -18 0 1 -18 24 1 -78 24 1 -78 0 1 -100 0 1
SPRING 2 16 2 2 -60 4 -46 17 3 -20 -6 -10 14 4 -100 -30 -100 10 100 10 100 -30 10 -100 -30 1 -100 10 1 -79 10 1 -79 36 1 -27 36 1 -27 33 1 9 33 1 9 10 1 100 10 1 100 -30 1
SPRING 3 16 3 2 -60 -14 -48 12 3 -20 8 -11 19 4 20 -10 30 12 4 -100 -10 90 -10 90 40 -100 40 12 -100 -10 1 -80 -10 1 -80 -34 1 -28 -34 1 -28 -10 1 0 -10 1 0 -30 1 50 -30 1 50 -10 1 90 -10 1 90 40 1 -100 40 1
SPRING 4 16 4 2 -60 -12 -40 6 3 -20 -4 -4 12 4 20 -8 42 14 5 60 -9 78 13 2 -100 0 0 0 -1
SPRING 1 16 0 2 -100 0 100 0 2 -100 0 1 100 0 1
SPRING 2 16 1 2 -60 -2 -40 23 2 0 -100 0 100 2 0 -100 1 0 100 1
SPRING 3 16 2 2 -60 14 -45 24 3 -20 14 5 36 2 100 0 -100 0 2 100 0 1 -100 0 1
SPRING 4 16 3 2 -60 1 -50 22 3 -20 1 -10 14 4 20 8 33 23 4 -100 -30 -100 10 100 10 100 -30 10 -100 -30 1 -100 10 1 -81 10 1 -81 -20 1 11 -20 1 11 -13 1 54 -13 1 54 10 1 100 10 1 100 -30 1
SPRING 1 16 4 2 -60 -7 -49 6 3 -20 12 -2 28 4 20 11 44 33 5 60 -14 70 2 4 -100 -10 90 -10 90 40 -100 40 4 42 -7 1 2 -7 1 2 40 1 -100 40 1
SPRING 2 16 0 2 -100 0 0 0 2 -100 0 1 0 0 1
SPRING 3 16 1 2 -60 -2 -45 20 2 -100 0 100 0 6 -100 0 1 -80 0 1 -80 -22 1 -25 -22 1 -25 0 1 100 0 1
SPRING 4 16 2 2 -60 -15 -52 1 3 -20 -15 -10 4 2 0 -100 0 100 2 0 -100 1 0 100 1
SPRING 1 16 3 2 -10 -10 20 20 3 0 0 30 30 4 10 10 40 40 2 100 0 -100 0 -1
SPRING 2 16 4 2 -60 -12 -49 6 3 -20 5 3 18 4 20 -13 34 13 5 60 7 80 32 4 -100 -30 -100 10 100 10 100 -30 12 -100 -30 1 -100 10 1 -39 10 1 -39 -14 1 1 -14 1 1 -32 1 53 -32 1 53 -12 1 99 -12 1 99 10 1 100 10 1 100 -30 1
SPRING 3 16 0 4 -100 -10 90 -10 90 40 -100 40 4 -100 -10 1 90 -10 1 90 40 1 -100 40 1
SPRING 4 16 1 2 -60 15 -39 40 2 -100 0 0 0 2 -100 0 1 0 0 1
SPRING 1 16 2 2 -60 2 -48 29 3 -20 15 -4 36 2 -100 0 100 0 2 -100 0 1 100 0 1
SPRING 2 16 3 2 -60 -6 -46 10 3 -20 -9 5 14 4 20 9 33 35 2 0 -100 0 100 6 0 -100 1 0 -28 1 -39 -28 1 -39 33 1 0 33 1 0 100 1
SPRING 3 16 4 2 -60 15 -39 41 3 -20 -2 -8 7 4 20 6 38 28 5 60 10 84 32 2 100 0 -100 0 6 100 0 1 12 0 1 12 -22 1 -40 -22 1 -40 0 1 -100 0 1
SPRING 4 16 0 4 -100 -30 -100 10 100 10 100 -30 4 -100 -30 1 -100 10 1 100 10 1 100 -30 1
SPRING 1 16 1 2 -60 -2 -38 22 4 -100 -10 90 -10 90 40 -100 40 4 -100 -10 1 90 -10 1 90 40 1 -100 40 1
SPRING 2 16 2 2 -60 0 -42 25 3 -20 -1 1 12 2 -100 0 0 0 -1
SPRING 3 16 3 2 -10 -10 20 20 3 -8 -8 18 18 4 -6 -6 16 16 2 -100 0 100 0 6 -100 0 1 -30 0 1 -30 -30 1 40 -30 1 40 0 1 100 0 1
SPRING 4 16 4 2 -60 -2 -47 21 3 -20 15 -3 33 4 20 -3 47 14 5 60 -4 85 18 2 0 -100 0 100 6 0 -100 1 0 -6 1 -41 -6 1 -41 54 1 0 54 1 0 100 1
SPRING 1 16 0 2 100 0 -100 0 2 100 0 1 -100 0 1
SPRING 2 16 1 2 -60 -12 -43 7 4 -100 -30 -100 10 100 10 100 -30 4 -100 -30 1 -100 10 1 100 10 1 100 -30 1
SPRING 3 16 2 2 -60 2 -44 15 3 -20 6 -10 17 4 -100 -10 90 -10 90 40 -100 40 4 -100 -10 1 90 -10 1 90 40 1 -100 40 1
SPRING 4 16 3 2 -60 10 -41 23 3 -20 13 -2 39 4 20 10 35 22 2 -100 0 0 0 2 -100 0 1 0 0 1
SPRING 1 16 4 2 -60 9 -52 18 3 -20 -7 -9 18 4 20 12 43 23 5 60 -15 77 -4 2 -100 0 100 0 6 -100 0 1 -38 0 1 -38 -25 1 9 -25 1 9 0 1 100 0 1
SPRING 2 16 0 2 0 -100 0 100 2 0 -100 1 0 100 1
SPRING 3 16 1 2 -60 1 -46 15 2 100 0 -100 0 6 100 0 1 -26 0 1 -26 -19 1 -80 -19 1 -80 0 1 -100 0 1
SPRING 4 16 2 2 -60 -2 -52 10 3 -20 3 -8 13 4 -100 -30 -100 10 100 10 100 -30 10 -100 -30 1 -100 10 1 -81 10 1 -81 31 1 -41 31 1 -41 34 1 13 34 1 13 10 1 100 10 1 100 -30 1
SPRING 1 16 3 2 -60 -15 -52 2 3 -20 -11 0 5 4 20 4 31 20 4 -100 -10 90 -10 90 40 -100 40 10 -100 -10 1 -78 -10 1 -78 -33 1 -34 -33 1 -34 -29 1 18 -29 1 18 -10 1 90 -10 1 90 40 1 -100 40 1
SPRING 2 16 4 2 -60 6 -33 32 3 -20 7 0 23 4 20 11 39 19 5 60 -3 77 24 2 -100 0 0 0 2 -100 0 1 0 0 1
SPRING 3 16 0 2 -100 0 100 0 2 -100 0 1 100 0 1
SPRING 4 16 1 2 -10 -10 20 20 2 0 -100 0 100 6 0 -100 1 0 -31 1 -31 -31 1 -31 41 1 0 41 1 0 100 1
SPRING 1 16 2 2 -60 -11 -35 4 3 -20 -4 -7 6 2 100 0 -100 0 8 100 0 1 11 0 1 11 24 1 -38 24 1 -38 22 1 -78 22 1 -78 0 1 -100 0 1
SPRING 2 16 3 2 -60 -9 -50 5 3 -20 -15 7 -7 4 20 -8 29 2 4 -100 -30 -100 10 100 10 100 -30 4 -100 -30 1 -100 10 1 100 10 1 100 -30 1
SPRING 3 16 4 2 -60 -5 -36 21 3 -20 13 -2 23 4 20 9 43 35 5 60 7 68 30 4 -100 -10 90 -10 90 40 -100 40 4 -100 -10 1 90 -10 1 90 40 1 -100 40 1
SPRING 4 16 0 2 -100 0 0 0 2 -100 0 1 0 0 1
SPRING 1 16 1 2 -60 15 -47 39 2 -100 0 100 0 2 -100 0 1 100 0 1
SPRING 2 16 2 2 -60 -10 -45 9 3 -20 -3 -3 22 2 0 -100 0 100 2 0 -100 1 0 100 1
SPRING 3 16 3 2 -60 5 -51 16 3 -20 -7 5 14 4 20 13 31 23 2 100 0 -100 0 6 100 0 1 25 0 1 25 -27 1 -40 -27 1 -40 0 1 -100 0 1
SPRING 4 16 4 2 -60 11 -46 37 3 -20 -11 -1 7 4 20 9 42 28 5 60 -6 78 7 4 -100 -30 -100 10 100 10 100 -30 14 -100 -30 1 -100 10 1 -81 10 1 -81 -10 1 -41 -10 1 -41 -32 1 20 -32 1 20 -12 1 39 -12 1 39 -27 1 99 -27 1 99 10 1 100 10 1 100 -30 1
SPRING 1 16 0 4 -100 -10 90 -10 90 40 -100 40 4 -100 -10 1 90 -10 1 90 40 1 -100 40 1
SPRING 2 16 1 2 -60 -3 -50 14 2 -100 0 0 0 6 -100 0 1 -79 0 1 -79 -22 1 -31 -22 1 -31 0 1 0 0 1
SPRING 3 16 2 2 -10 -10 20 20 3 0 0 30 30 2 -100 0 100 0 -1
SPRING 4 16 3 2 -60 14 -38 24 3 -20 4 -1 27 4 20 -3 37 14 2 0 -100 0 100 8 0 -100 1 0 -24 1 58 -24 1 58 35 1 20 35 1 20 48 1 0 48 1 0 100 1
SPRING 1 16 4 2 -10 -10 20 20 3 -8 -8 18 18 4 -6 -6 16 16 5 -4 -4 14 14 2 100 0 -100 0 6 100 0 1 38 0 1 38 -28 1 -28 -28 1 -28 0 1 -100 0 1
SPRING 2 16 0 4 -100 -30 -100 10 100 10 100 -30 4 -100 -30 1 -100 10 1 100 10 1 100 -30 1
SPRING 3 16 1 2 -60 7 -42 29 4 -100 -10 90 -10 90 40 -100 40 4 -100 -10 1 90 -10 1 90 40 1 -100 40 1
SPRING 4 16 2 2 -60 5 -45 31 3 -20 -1 -6 24 2 -100 0 0 0 -1
SPRING 1 16 3 2 -60 0 -33 23 3 -20 -3 -6 20 4 20 11 45 38 2 -100 0 100 0 8 -100 0 1 -78 0 1 -78 -18 1 -38 -18 1 -38 -21 1 12 -21 1 12 0 1 100 0 1
SPRING 2 16 4 2 -60 15 -51 27 3 -20 -15 2 4 4 20 4 28 30 5 60 7 68 15 2 0 -100 0 100 6 0 -100 1 0 -34 1 -39 -34 1 -39 23 1 0 23 1 0 100 1
SPRING 3 16 0 2 100 0 -100 0 2 100 0 1 -100 0 1
SPRING 4 16 1 2 -60 -13 -50 -2 4 -100 -30 -100 10 100 10 100 -30 4 -100 -30 1 -100 10 1 100 10 1 100 -30 1
SPRING 1 16 2 2 -60 -10 -41 17 3 -20 0 -3 13 4 -100 -10 90 -10 90 40 -100 40 8 -100 -10 1 -78 -10 1 -78 -28 1 -23 -28 1 -23 -10 1 90 -10 1 90 40 1 -100 40 1
SPRING 2 16 3 2 -60 -10 -45 3 3 -20 -7 -6 6 4 20 -8 45 8 2 -100 0 0 0 -1
SPRING 3 16 4 2 -60 -7 -41 18 3 -20 -11 1 -1 4 20 -14 28 5 5 60 -12 69 -4 2 -100 0 100 0 10 -100 0 1 -80 0 1 -80 -27 1 -40 -27 1 -40 -31 1 0 -31 1 0 -34 1 48 -34 1 48 0 1 100 0 1
SPRING 4 16 0 2 0 -100 0 100 2 0 -100 1 0 100 1
SPRING 1 16 1 2 -60 -13 -38 5 2 100 0 -100 0 6 100 0 1 -20 0 1 -20 23 1 -78 23 1 -78 0 1 -100 0 1
SPRING 2 16 2 2 -10 -10 20 20 3 -8 -8 18 18 4 -100 -30 -100 10 100 10 100 -30 8 -100 -30 1 -100 10 1 -29 10 1 -29 39 1 39 39 1 39 10 1 100 10 1 100 -30 1
SPRING 3 16 3 2 -60 -9 -34 16 3 -20 1 -7 18 4 20 -2 36 24 4 -100 -10 90 -10 90 40 -100 40 8 -100 -10 1 -80 -10 1 -80 -29 1 -14 -29 1 -14 -10 1 90 -10 1 90 40 1 -100 40 1
SPRING 4 16 4 2 -10 -10 20 20 3 0 0 30 30 4 10 10 40 40 5 20 20 50 50 2 -100 0 0 0 -1
SPRING 1 16 0 2 -100 0 100 0 2 -100 0 1 100 0 1
SPRING 2 16 1 2 -60 14 -38 29 2 0 -100 0 100 2 0 -100 1 0 100 1
SPRING 3 16 2 2 -60 11 -36 37 3 -20 0 2 11 2 100 0 -100 0 6 100 0 1 22 0 1 22 -20 1 -40 -20 1 -40 0 1 -100 0 1
SPRING 4 16 3 2 -60 -6 -39 13 3 -20 1 5 25 4 20 -4 45 15 4 -100 -30 -100 10 100 10 100 -30 12 -100 -30 1 -100 10 1 -81 10 1 -81 34 1 -41 34 1 -41 46 1 26 46 1 26 36 1 66 36 1 66 10 1 100 10 1 100 -30 1
SPRING 1 16 4 2 -60 12 -34 39 3 -20 1 7 12 4 20 13 32 35 5 60 -9 79 5 4 -100 -10 90 -10 90 40 -100 40 5 -38 -10 1 -38 -6 1 -78 -6 1 -78 40 1 -100 40 1
SPRING 2 16 0 2 -100 0 0 0 2 -100 0 1 0 0 1
SPRING 3 16 1 2 -60 0 -44 17 2 -100 0 100 0 6 -100 0 1 -80 0 1 -80 -20 1 -24 -20 1 -24 0 1 100 0 1
SPRING 4 16 2 2 -60 2 -47 24 3 -20 14 3 35 2 0 -100 0 100 6 0 -100 1 0 -7 1 24 -7 1 24 56 1 0 56 1 0 100 1
SPRING 1 16 3 2 -60 -7 -46 3 3 -20 5 3 29 4 20 -4 42 22 2 100 0 -100 0 10 100 0 1 60 0 1 60 -22 1 2 -22 1 2 0 1 -28 0 1 -28 -25 1 -78 -25 1 -78 0 1 -100 0 1
SPRING 2 16 4 2 -60 -6 -51 2 3 -20 -10 -3 4 4 20 2 36 13 5 60 -15 77 0 4 -100 -30 -100 10 100 10 100 -30 8 -100 -30 1 -100 10 1 1 10 1 1 32 1 55 32 1 55 10 1 100 10 1 100 -30 1
SPRING 3 16 0 4 -100 -10 90 -10 90 40 -100 40 4 -100 -10 1 90 -10 1 90 40 1 -100 40 1
SPRING 4 16 1 2 -60 -14 -37 6 2 -100 0 0 0 6 -100 0 1 -81 0 1 -81 27 1 -16 27 1 -16 0 1 0 0 1
SPRING 1 16 2 2 -60 12 -34 36 3 -20 -15 -6 -5 2 -100 0 100 0 2 -100 0 1 100 0 1
SPRING 2 16 3 2 -60 -11 -38 1 3 -20 1 -10 9 4 20 -10 37 2 2 0 -100 0 100 2 0 -100 1 0 100 1
SPRING 3 16 4 2 -60 -7 -52 9 3 -20 2 -6 28 4 20 4 37 30 5 60 15 78 28 2 100 0 -100 0 8 100 0 1 14 0 1 14 -18 1 -32 -18 1 -32 -27 1 -80 -27 1 -80 0 1 -100 0 1
SPRING 4 16 0 4 -100 -30 -100 10 100 10 100 -30 4 -100 -30 1 -100 10 1 100 10 1 100 -30 1
SPRING 1 16 1 2 -10 -10 20 20 4 -100 -10 90 -10 90 40 -100 40 8 -100 -10 1 -28 -10 1 -28 -28 1 38 -28 1 38 -10 1 90 -10 1 90 40 1 -100 40 1
SPRING 2 16 2 2 -60 15 -47 24 3 -20 -14 0 8 2 -100 0 0 0 -1
SPRING 3 16 3 2 -60 12 -51 26 3 -20 9 -9 29 4 20 12 42 38 2 -100 0 100 0 2 -100 0 1 100 0 1
SPRING 4 16 4 2 -60 -11 -37 -2 3 -20 8 -12 34 4 20 -11 45 -1 5 60 7 85 34 2 0 -100 0 100 2 0 -100 1 0 100 1
SPRING 1 16 0 2 100 0 -100 0 2 100 0 1 -100 0 1
SPRING 2 16 1 2 -60 1 -49 15 4 -100 -30 -100 10 100 10 100 -30 8 -100 -30 1 -100 10 1 -79 10 1 -79 34 1 -30 34 1 -30 10 1 100 10 1 100 -30 1
SPRING 3 16 2 2 -60 -5 -36 4 3 -20 0 -11 22 4 -100 -10 90 -10 90 40 -100 40 4 -100 -10 1 90 -10 1 90 40 1 -100 40 1
SPRING 4 16 3 2 -10 -10 20 20 3 -8 -8 18 18 4 -6 -6 16 16 2 -100 0 0 0 -1
SPRING 1 16 4 2 -60 7 -34 16 3 -20 7 -9 28 4 20 -5 45 16 5 60 12 80 31 2 -100 0 100 0 6 -100 0 1 2 0 1 2 -23 1 63 -23 1 63 0 1 100 0 1
SPRING 2 16 0 2 0 -100 0 100 2 0 -100 1 0 100 1
SPRING 3 16 1 2 -60 2 -47 21 2 100 0 -100 0 6 100 0 1 -27 0 1 -27 -18 1 -80 -18 1 -80 0 1 -100 0 1
SPRING 4 16 2 2 -60 -2 -41 25 3 -20 -14 -1 11 4 -100 -30 -100 10 100 10 100 -30 10 -100 -30 1 -100 10 1 -81 10 1 -81 46 1 -20 46 1 -20 32 1 20 32 1 20 10 1 100 10 1 100 -30 1
SPRING 1 16 3 2 -60 -2 -34 16 3 -20 5 -6 24 4 20 -6 42 14 4 -100 -10 90 -10 90 40 -100 40 4 -100 -10 1 90 -10 1 90 40 1 -100 40 1
SPRING 2 16 4 2 -60 9 -40 23 3 -20 12 -9 31 4 20 8 41 19 5 60 -2 78 6 2 -100 0 0 0 2 -100 0 1 0 0 1
SPRING 3 16 0 2 -100 0 100 0 2 -100 0 1 100 0 1
SPRING 4 16 1 2 -60 -7 -33 10 2 0 -100 0 100 2 0 -100 1 0 100 1
SPRING 1 16 2 2 -60 -6 -39 16 3 -20 9 1 23 2 100 0 -100 0 6 100 0 1 -21 0 1 -21 -24 1 -78 -24 1 -78 0 1 -100 0 1
SPRING 2 16 3 2 -10 -10 20 20 3 0 0 30 30 4 10 10 40 40 4 -100 -30 -100 10 100 10 100 -30 -1
SPRING 3 16 4 2 -60 -7 -42 10 3 -20 1 -8 16 4 20 -12 44 5 5 60 8 79 17 4 -100 -10 90 -10 90 40 -100 40 12 -100 -10 1 -80 -10 1 -80 30 1 -40 30 1 -40 36 1 12 36 1 12 25 1 40 25 1 40 37 1 90 37 1 90 40 1 -100 40 1
SPRING 4 16 0 2 -100 0 0 0 2 -100 0 1 0 0 1
SPRING 1 16 1 2 -10 -10 20 20 2 -100 0 100 0 6 -100 0 1 -28 0 1 -28 -28 1 38 -28 1 38 0 1 100 0 1
SPRING 2 16 2 2 -60 8 -42 34 3 -20 12 -5 28 2 0 -100 0 100 2 0 -100 1 0 100 1
SPRING 3 16 3 2 -60 -14 -34 -4 3 -20 12 2 38 4 20 -2 35 15 2 100 0 -100 0 6 100 0 1 55 0 1 55 -22 1 0 -22 1 0 0 1 -100 0 1
SPRING 4 16 4 2 -60 -15 -48 2 3 -20 -4 6 11 4 20 5 39 30 5 60 4 70 23 4 -100 -30 -100 10 100 10 100 -30 12 -100 -30 1 -100 10 1 -41 10 1 -41 -25 1 27 -25 1 27 -16 1 39 -16 1 39 -17 1 91 -17 1 91 10 1 100 10 1 100 -30 1
SPRING 1 16 0 4 -100 -10 90 -10 90 40 -100 40 4 -100 -10 1 90 -10 1 90 40 1 -100 40 1
SPRING 2 16 1 2 -60 12 -45 31 2 -100 0 0 0 2 -100 0 1 0 0 1
SPRING 3 16 2 2 -60 12 -34 29 3 -20 -14 -8 2 2 -100 0 100 0 6 -100 0 1 -40 0 1 -40 -34 1 12 -34 1 12 0 1 100 0 1
SPRING 4 16 3 2 -60 -10 -41 9 3 -20 15 -8 29 4 20 13 32 26 2 0 -100 0 100 2 0 -100 1 0 100 1
SPRING 1 16 4 2 -60 -13 -48 8 3 -20 6 -1 23 4 20 -8 29 3 5 60 13 79 25 2 100 0 -100 0 10 100 0 1 47 0 1 47 21 1 2 21 1 2 0 1 -30 0 1 -30 26 1 -78 26 1 -78 0 1 -100 0 1
SPRING 2 16 0 4 -100 -30 -100 10 100 10 100 -30 4 -100 -30 1 -100 10 1 100 10 1 100 -30 1
SPRING 3 16 1 2 -60 -5 -40 14 4 -100 -10 90 -10 90 40 -100 40 4 -100 -10 1 90 -10 1 90 40 1 -100 40 1
SPRING 4 16 2 2 -60 -11 -37 -2 3 -20 -8 -6 19 2 -100 0 0 0 -1
SPRING 1 16 3 2 -60 -6 -47 14 3 -20 -15 -5 2 4 20 -2 42 24 2 -100 0 100 0 10 -100 0 1 -78 0 1 -78 -24 1 -38 -24 1 -38 -33 1 13 -33 1 13 -20 1 60 -20 1 60 0 1 100 0 1
SPRING 2 16 4 2 -10 -10 20 20 3 -8 -8 18 18 4 -6 -6 16 16 5 -4 -4 14 14 2 0 -100 0 100 6 0 -100 1 0 -29 1 -29 -29 1 -29 39 1 0 39 1 0 100 1
SPRING 3 16 0 2 100 0 -100 0 2 100 0 1 -100 0 1
SPRING 4 16 1 2 -60 -3 -48 9 4 -100 -30 -100 10 100 10 100 -30 8 -100 -30 1 -100 10 1 -81 10 1 -81 30 1 -27 30 1 -27 10 1 100 10 1 100 -30 1
SPRING 1 16 2 2 -60 -6 -45 14 3 -20 15 -1 32 4 -100 -10 90 -10 90 40 -100 40 4 -100 -10 1 90 -10 1 90 40 1 -100 40 1
SPRING 2 16 3 2 -60 0 -42 8 3 -20 6 -5 22 4 20 -8 40 15 2 -100 0 0 0 6 -100 0 1 -79 0 1 -79 -19 1 -23 -19 1 -23 0 1 0 0 1
SPRING 3 16 4 2 -60 4 -41 13 3 -20 -4 -7 22 4 20 8 44 28 5 60 -2 80 15 2 -100 0 100 0 9 -100 0 1 -40 0 1 -40 -24 1 13 -24 1 13 0 1 40 0 1 40 -22 1 100 -22 1 100 0 1
SPRING 4 16 0 2 0 -100 0 100 2 0 -100 1 0 100 1
SPRING 1 16 1 2 -60 4 -38 22 2 100 0 -100 0 2 100 0 1 -100 0 1
SPRING 2 16 2 2 -60 -8 -48 2 3 -20 9 -6 35 4 -100 -30 -100 10 100 10 100 -30 8 -100 -30 1 -100 10 1 -39 10 1 -39 -10 1 13 -10 1 13 10 1 100 10 1 100 -30 1
SPRING 3 16 3 2 -60 -13 -37 10 3 -20 -14 4 -4 4 20 6 45 17 4 -100 -10 90 -10 90 40 -100 40 10 -100 -10 1 -80 -10 1 -80 -33 1 -40 -33 1 -40 -34 1 24 -34 1 24 -10 1 90 -10 1 90 40 1 -100 40 1
SPRING 4 16 4 2 -60 -1 -35 7 3 -20 12 5 22 4 20 -15 34 9 5 60 -12 82 7 2 -100 0 0 0 6 -100 0 1 -81 0 1 -81 -22 1 -14 -22 1 -14 0 1 0 0 1
SPRING 1 16 0 2 -100 0 100 0 2 -100 0 1 100 0 1
SPRING 2 16 1 2 -60 1 -48 25 2 0 -100 0 100 2 0 -100 1 0 100 1
SPRING 3 16 2 2 -10 -10 20 20 3 -8 -8 18 18 2 100 0 -100 0 6 100 0 1 40 0 1 40 -30 1 -30 -30 1 -30 0 1 -100 0 1
SPRING 4 16 3 2 -60 4 -39 20 3 -20 12 -11 28 4 20 -4 35 18 4 -100 -30 -100 10 100 10 100 -30 12 -100 -30 1 -100 10 1 -81 10 1 -81 41 1 -41 41 1 -41 49 1 10 49 1 10 39 1 56 39 1 56 10 1 100 10 1 100 -30 1
SPRING 1 16 4 2 -60 -5 -50 7 3 -20 -2 -10 18 4 20 7 28 23 5 60 -14 69 4 4 -100 -10 90 -10 90 40 -100 40 8 -100 -10 1 42 -10 1 42 -32 1 87 -32 1 87 -10 1 90 -10 1 90 40 1 -100 40 1
SPRING 2 16 0 2 -100 0 0 0 2 -100 0 1 0 0 1
SPRING 3 16 1 2 -60 12 -41 34 2 -100 0 100 0 2 -100 0 1 100 0 1
SPRING 4 16 2 2 -10 -10 20 20 3 0 0 30 30 2 0 -100 0 100 -1
SPRING 1 16 3 2 -60 -3 -44 11 3 -20 -13 -2 -3 4 20 -12 46 5 2 100 0 -100 0 10 100 0 1 64 0 1 64 -30 1 2 -30 1 2 0 1 -26 0 1 -26 -21 1 -78 -21 1 -78 0 1 -100 0 1
SPRING 2 16 4 2 -60 3 -44 12 3 -20 -13 -7 13 4 20 6 28 29 5 60 12 82 36 4 -100 -30 -100 10 100 10 100 -30 12 -100 -30 1 -100 10 1 -79 10 1 -79 -16 1 -39 -16 1 -39 -32 1 12 -32 1 12 -13 1 47 -13 1 47 -7 1 100 -7 1 100 -30 1
SPRING 3 16 0 4 -100 -10 90 -10 90 40 -100 40 4 -100 -10 1 90 -10 1 90 40 1 -100 40 1
SPRING 4 16 1 2 -60 -4 -51 19 2 -100 0 0 0 6 -100 0 1 -81 0 1 -81 -25 1 -30 -25 1 -30 0 1 0 0 1
SPRING 1 16 2 2 -60 -7 -51 7 3 -20 1 3 23 2 -100 0 100 0 8 -100 0 1 -78 0 1 -78 -25 1 -33 -25 1 -33 -17 1 21 -17 1 21 0 1 100 0 1
SPRING 2 16 3 2 -60 -13 -44 11 3 -20 -14 -8 7 4 20 14 47 22 2 0 -100 0 100 2 0 -100 1 0 100 1
SPRING 3 16 4 2 -60 -7 -50 20 3 -20 -7 5 19 4 20 9 36 32 5 60 2 85 14 2 100 0 -100 0 -1
SPRING 4 16 0 4 -100 -30 -100 10 100 10 100 -30 4 -100 -30 1 -100 10 1 100 10 1 100 -30 1
SPRING 1 16 1 2 -60 2 -51 11 4 -100 -10 90 -10 90 40 -100 40 4 -100 -10 1 90 -10 1 90 40 1 -100 40 1
SPRING 2 16 2 2 -60 -5 -38 9 3 -20 -4 -6 22 2 -100 0 0 0 -1
SPRING 3 16 3 2 -60 -7 -46 17 3 -20 0 -2 21 4 20 -1 39 14 2 -100 0 100 0 10 -100 0 1 -80 0 1 -80 -27 1 -26 -27 1 -26 -20 1 0 -20 1 0 -21 1 59 -21 1 59 0 1 100 0 1
SPRING 4 16 4 2 -60 1 -39 18 3 -20 -13 -1 -5 4 20 -11 36 0 5 60 9 86 22 2 0 -100 0 100 10 0 -100 1 0 -34 1 -41 -34 1 -41 -20 1 -81 -20 1 -81 39 1 -18 39 1 -18 16 1 0 16 1 0 100 1
SPRING 1 16 0 2 100 0 -100 0 2 100 0 1 -100 0 1
SPRING 2 16 1 2 -60 -2 -40 8 4 -100 -30 -100 10 100 10 100 -30 8 -100 -30 1 -100 10 1 -79 10 1 -79 27 1 -21 27 1 -21 10 1 100 10 1 100 -30 1
SPRING 3 16 2 2 -60 9 -36 24 3 -20 -11 -10 -1 4 -100 -10 90 -10 90 40 -100 40 3 -80 -10 1 -80 40 1 -100 40 1
SPRING 4 16 3 2 -60 -1 -49 22 3 -20 -5 4 14 4 20 14 30 41 2 -100 0 0 0 -1
SPRING 1 16 4 2 -10 -10 20 20 3 0 0 30 30 4 10 10 40 40 5 20 20 50 50 2 -100 0 100 0 -1
SPRING 2 16 0 2 0 -100 0 100 2 0 -100 1 0 100 1
SPRING 3 16 1 2 -60 -3 -50 8 2 100 0 -100 0 6 100 0 1 -30 0 1 -30 -23 1 -80 -23 1 -80 0 1 -100 0 1
SPRING 4 16 2 2 -60 -9 -51 13 3 -20 -1 -3 8 4 -100 -30 -100 10 100 10 100 -30 10 -100 -30 1 -100 10 1 -81 10 1 -81 34 1 -30 34 1 -30 29 1 18 29 1 18 10 1 100 10 1 100 -30 1
SPRING 1 16 3 2 -10 -10 20 20 3 -8 -8 18 18 4 -6 -6 16 16 4 -100 -10 90 -10 90 40 -100 40 8 -100 -10 1 -28 -10 1 -28 -28 1 38 -28 1 38 -10 1 90 -10 1 90 40 1 -100 40 1
SPRING 2 16 4 2 -60 -8 -51 10 3 -20 -3 -9 15 4 20 -10 28 15 5 60 3 74 13 2 -100 0 0 0 -1
SPRING 3 16 0 2 -100 0 100 0 2 -100 0 1 100 0 1
SPRING 4 16 1 2 -60 3 -52 25 2 0 -100 0 100 2 0 -100 1 0 100 1
SPRING 1 16 2 2 -60 14 -33 30 3 -20 -14 1 1 2 100 0 -100 0 6 100 0 1 19 0 1 19 -32 1 -38 -32 1 -38 0 1 -100 0 1
SPRING 2 16 3 2 -60 1 -48 16 3 -20 10 -6 37 4 20 -9 37 18 4 -100 -30 -100 10 100 10 100 -30 12 -100 -30 1 -100 10 1 -79 10 1 -79 35 1 -39 35 1 -39 56 1 13 56 1 13 37 1 56 37 1 56 10 1 100 10 1 100 -30 1
SPRING 3 16 4 2 -60 -15 -35 -4 3 -20 -3 -5 17 4 20 14 36 27 5 60 -5 68 10 4 -100 -10 90 -10 90 40 -100 40 8 -100 -10 1 -80 -10 1 -80 -35 1 -15 -35 1 -15 -10 1 90 -10 1 90 40 1 -100 40 1
SPRING 4 16 0 2 -100 0 0 0 2 -100 0 1 0 0 1
SPRING 1 16 1 2 -60 13 -42 28 2 -100 0 100 0 2 -100 0 1 100 0 1
SPRING 2 16 2 2 -60 -8 -46 11 3 -20 0 5 24 2 0 -100 0 100 6 0 -100 1 0 -19 1 24 -19 1 24 43 1 0 43 1 0 100 1
SPRING 3 16 3 2 -60 8 -41 33 3 -20 13 -3 30 4 20 15 44 38 2 100 0 -100 0 2 100 0 1 -100 0 1
SPRING 4 16 4 2 -60 -12 -47 -3 3 -20 -7 -8 1 4 20 9 45 21 5 60 -8 80 5 4 -100 -30 -100 10 100 10 100 -30 8 -100 -30 1 -100 10 1 -1 10 1 -1 -12 1 39 -12 1 39 -29 1 100 -29 1 100 -30 1
SPRING 1 16 0 4 -100 -10 90 -10 90 40 -100 40 4 -100 -10 1 90 -10 1 90 40 1 -100 40 1
SPRING 2 16 1 2 -10 -10 20 20 2 -100 0 0 0 -1
SPRING 3 16 2 2 -60 -3 -34 23 3 -20 -10 -8 15 2 -100 0 100 0 8 -100 0 1 -80 0 1 -80 -23 1 -40 -23 1 -40 -30 1 12 -30 1 12 0 1 100 0 1
SPRING 4 16 3 2 -60 -6 -45 15 3 -20 7 -6 22 4 20 -9 47 6 2 0 -100 0 100 2 0 -100 1 0 100 1
SPRING 1 16 4 2 -60 12 -34 20 3 -20 -4 -12 7 4 20 10 46 29 5 60 5 73 25 2 100 0 -100 0 6 100 0 1 6 0 1 6 -22 1 -38 -22 1 -38 0 1 -100 0 1
SPRING 2 16 0 4 -100 -30 -100 10 100 10 100 -30 4 -100 -30 1 -100 10 1 100 10 1 100 -30 1
SPRING 3 16 1 2 -60 -2 -47 15 4 -100 -10 90 -10 90 40 -100 40 4 -100 -10 1 90 -10 1 90 40 1 -100 40 1
SPRING 4 16 2 2 -60 -13 -50 0 3 -20 7 1 24 2 -100 0 0 0 6 -100 0 1 -81 0 1 -81 21 1 -29 21 1 -29 0 1 0 0 1
SPRING 1 16 3 2 -60 8 -48 26 3 -20 -10 -2 0 4 20 -15 39 2 2 -100 0 100 0 8 -100 0 1 -38 0 1 -38 18 1 2 18 1 2 20 1 57 20 1 57 0 1 100 0 1
SPRING 2 16 4 2 -60 12 -40 28 3 -20 -8 -7 9 4 20 -13 29 9 5 60 -9 87 15 2 0 -100 0 100 2 0 -100 1 0 100 1
SPRING 3 16 0 2 100 0 -100 0 2 100 0 1 -100 0 1
SPRING 4 16 1 2 -60 -8 -49 1 4 -100 -30 -100 10 100 10 100 -30 4 -100 -30 1 -100 10 1 100 10 1 100 -30 1
SPRING 1 16 2 2 -60 1 -37 16 3 -20 12 -12 38 4 -100 -10 90 -10 90 40 -100 40 4 -100 -10 1 90 -10 1 90 40 1 -100 40 1
SPRING 2 16 3 2 -60 3 -33 16 3 -20 4 1 12 4 20 8 40 29 2 -100 0 0 0 2 -100 0 1 0 0 1
SPRING 3 16 4 2 -10 -10 20 20 3 -8 -8 18 18 4 -6 -6 16 16 5 -4 -4 14 14 2 -100 0 100 0 6 -100 0 1 -30 0 1 -30 -30 1 40 -30 1 40 0 1 100 0 1
SPRING 4 16 0 2 0 -100 0 100 2 0 -100 1 0 100 1
SPRING 1 16 1 2 -60 -7 -43 7 2 100 0 -100 0 6 100 0 1 -25 0 1 -25 -25 1 -78 -25 1 -78 0 1 -100 0 1
SPRING 2 16 2 2 -60 -14 -33 6 3 -20 11 -6 33 4 -100 -30 -100 10 100 10 100 -30 8 -100 -30 1 -100 10 1 -39 10 1 -39 52 1 13 52 1 13 10 1 100 10 1 100 -30 1
SPRING 3 16 3 2 -10 -10 20 20 3 0 0 30 30 4 10 10 40 40 4 -100 -10 90 -10 90 40 -100 40 3 -30 -10 1 -30 40 1 -100 40 1
SPRING 4 16 4 2 -60 -12 -42 3 3 -20 1 -9 13 4 20 -14 40 8 5 60 12 71 36 2 -100 0 0 0 -1
SPRING 1 16 0 2 -100 0 100 0 2 -100 0 1 100 0 1
SPRING 2 16 1 2 -60 -10 -42 16 2 0 -100 0 100 2 0 -100 1 0 100 1
SPRING 3 16 2 2 -60 7 -45 21 3 -20 9 -3 27 2 100 0 -100 0 2 100 0 1 -100 0 1
SPRING 4 16 3 2 -60 6 -33 18 3 -20 14 -1 34 4 20 11 39 35 4 -100 -30 -100 10 100 10 100 -30 12 -100 -30 1 -100 10 1 -81 10 1 -81 -15 1 -12 -15 1 -12 -7 1 -1 -7 1 -1 -10 1 60 -10 1 60 10 1 100 10 1 100 -30 1
SPRING 1 16 4 2 -60 -2 -45 16 3 -20 -7 -1 5 4 20 -8 38 9 5 60 -7 80 6 4 -100 -10 90 -10 90 40 -100 40 4 -100 -10 1 90 -10 1 90 40 1 -100 40 1
SPRING 2 16 0 2 -100 0 0 0 2 -100 0 1 0 0 1
SPRING 3 16 1 2 -60 14 -44 35 2 -100 0 100 0 2 -100 0 1 100 0 1
SPRING 4 16 2 2 -10 -10 20 20 3 -8 -8 18 18 2 0 -100 0 100 6 0 -100 1 0 -31 1 -31 -31 1 -31 41 1 0 41 1 0 100 1
SPRING 1 16 3 2 -60 -3 -33 20 3 -20 14 -11 36 4 20 -11 36 13 2 100 0 -100 0 10 100 0 1 54 0 1 54 -29 1 2 -29 1 2 0 1 -15 0 1 -15 -21 1 -78 -21 1 -78 0 1 -100 0 1
SPRING 2 16 4 2 -60 -7 -43 4 3 -20 11 -2 22 4 20 -8 41 7 5 60 1 74 21 4 -100 -30 -100 10 100 10 100 -30 12 -100 -30 1 -100 10 1 -39 10 1 -39 -8 1 1 -8 1 1 -27 1 60 -27 1 60 -18 1 93 -18 1 93 10 1 100 10 1 100 -30 1
SPRING 3 16 0 4 -100 -10 90 -10 90 40 -100 40 4 -100 -10 1 90 -10 1 90 40 1 -100 40 1
SPRING 4 16 1 2 -60 2 -52 17 2 -100 0 0 0 6 -100 0 1 -81 0 1 -81 -19 1 -31 -19 1 -31 0 1 0 0 1
SPRING 1 16 2 2 -60 -6 -38 11 3 -20 9 -5 21 2 -100 0 100 0 6 -100 0 1 -78 0 1 -78 -24 1 -20 -24 1 -20 0 1 100 0 1
SPRING 2 16 3 2 -60 11 -44 38 3 -20 13 5 24 4 20 4 30 27 2 0 -100 0 100 6 0 -100 1 0 -6 1 -39 -6 1 -39 43 1 0 43 1 0 100 1
SPRING 3 16 4 2 -60 -4 -39 19 3 -20 -1 1 17 4 20 -10 28 -2 5 60 -11 75 0 2 100 0 -100 0 12 100 0 1 95 0 1 95 -31 1 40 -31 1 40 -30 1 0 -30 1 0 -21 1 -19 -21 1 -19 -24 1 -80 -24 1 -80 0 1 -100 0 1
SPRING 4 16 0 4 -100 -30 -100 10 100 10 100 -30 4 -100 -30 1 -100 10 1 100 10 1 100 -30 1
SPRING 1 16 1 2 -60 -11 -44 -1 4 -100 -10 90 -10 90 40 -100 40 8 -100 -10 1 -78 -10 1 -78 -29 1 -26 -29 1 -26 -10 1 90 -10 1 90 40 1 -100 40 1
SPRING 2 16 2 2 -60 7 -43 18 3 -20 3 -10 16 2 -100 0 0 0 2 -100 0 1 0 0 1
SPRING 3 16 3 2 -60 15 -52 23 3 -20 -3 0 14 4 20 12 42 39 2 -100 0 100 0 6 -100 0 1 -40 0 1 -40 -23 1 20 -23 1 20 0 1 100 0 1
SPRING 4 16 4 2 -60 0 -34 8 3 -20 2 2 19 4 20 -7 34 8 5 60 -4 69 21 2 0 -100 0 100 8 0 -100 1 0 -28 1 55 -28 1 55 29 1 23 29 1 23 40 1 0 40 1 0 100 1
SPRING 1 16 0 2 100 0 -100 0 2 100 0 1 -100 0 1
SPRING 2 16 1 2 -60 -5 -39 16 4 -100 -30 -100 10 100 10 100 -30 8 -100 -30 1 -100 10 1 -79 10 1 -79 35 1 -20 35 1 -20 10 1 100 10 1 100 -30 1
SPRING 3 16 2 2 -60 -6 -43 15 3 -20 9 1 18 4 -100 -10 90 -10 90 40 -100 40 4 -100 -10 1 90 -10 1 90 40 1 -100 40 1
SPRING 4 16 3 2 -60 8 -34 20 3 -20 -8 -11 19 4 20 0 42 16 2 -100 0 0 0 -1
SPRING 1 16 4 2 -60 -15 -45 11 3 -20 -3 1 24 4 20 -7 28 6 5 60 -6 81 2 2 -100 0 100 0 12 -100 0 1 -78 0 1 -78 -33 1 -27 -33 1 -27 -21 1 2 -21 1 2 -25 1 46 -25 1 46 -24 1 99 -24 1 99 0 1 100 0 1
SPRING 2 16 0 2 0 -100 0 100 2 0 -100 1 0 100 1
SPRING 3 16 1 2 -60 14 -52 23 2 100 0 -100 0 2 100 0 1 -100 0 1
SPRING 4 16 2 2 -60 -3 -45 14 3 -20 6 -6 18 4 -100 -30 -100 10 100 10 100 -30 10 -100 -30 1 -100 10 1 -81 10 1 -81 35 1 -41 35 1 -41 39 1 15 39 1 15 10 1 100 10 1 100 -30 1
SPRING 1 16 3 2 -60 9 -50 34 3 -20 1 -12 9 4 20 1 41 25 4 -100 -10 90 -10 90 40 -100 40 4 -100 -10 1 90 -10 1 90 40 1 -100 40 1
SPRING 2 16 4 2 -60 -13 -48 14 3 -20 2 -7 28 4 20 -9 28 16 5 60 -6 72 9 2 -100 0 0 0 -1
SPRING 3 16 0 2 -100 0 100 0 2 -100 0 1 100 0 1
SPRING 4 16 1 2 -60 -10 -41 17 2 0 -100 0 100 2 0 -100 1 0 100 1
SPRING 1 16 2 2 -10 -10 20 20 3 0 0 30 30 2 100 0 -100 0 -1
SPRING 2 16 3 2 -10 -10 20 20 3 -8 -8 18 18 4 -6 -6 16 16 4 -100 -30 -100 10 100 10 100 -30 8 -100 -30 1 -100 10 1 -29 10 1 -29 39 1 39 39 1 39 10 1 100 10 1 100 -30 1
SPRING 3 16 4 2 -60 14 -37 40 3 -20 11 -8 28 4 20 -14 30 7 5 60 3 71 26 4 -100 -10 90 -10 90 40 -100 40 7 0 -10 1 0 -9 1 -40 -9 1 -40 -6 1 -80 -6 1 -80 40 1 -100 40 1
SPRING 4 16 0 2 -100 0 0 0 2 -100 0 1 0 0 1
SPRING 1 16 1 2 -60 15 -39 29 2 -100 0 100 0 2 -100 0 1 100 0 1
SPRING 2 16 2 2 -60 7 -52 30 3 -20 -5 0 9 2 0 -100 0 100 6 0 -100 1 0 -24 1 19 -24 1 19 28 1 0 28 1 0 100 1
SPRING 3 16 3 2 -60 -12 -43 0 3 -20 9 -7 34 4 20 -7 42 17 2 100 0 -100 0 10 100 0 1 62 0 1 62 37 1 13 37 1 13 54 1 -40 54 1 -40 20 1 -80 20 1 -80 0 1 -100 0 1
SPRING 4 16 4 2 -60 5 -48 26 3 -20 -5 6 8 4 20 14 28 40 5 60 6 87 32 4 -100 -30 -100 10 100 10 100 -30 12 -100 -30 1 -100 10 1 -81 10 1 -81 -16 1 -41 -16 1 -41 -26 1 27 -26 1 27 -7 1 39 -7 1 39 -15 1 100 -15 1 100 -30 1
SPRING 1 16 0 4 -100 -10 90 -10 90 40 -100 40 4 -100 -10 1 90 -10 1 90 40 1 -100 40 1
SPRING 2 16 1 2 -60 -14 -49 -3 2 -100 0 0 0 2 -100 0 1 0 0 1
SPRING 3 16 2 2 -60 12 -47 34 3 -20 -14 -11 1 2 -100 0 100 0 6 -100 0 1 -40 0 1 -40 21 1 9 21 1 9 0 1 100 0 1
SPRING 4 16 3 2 -60 14 -40 34 3 -20 11 -4 34 4 20 3 35 19 2 0 -100 0 100 8 0 -100 1 0 -18 1 56 -18 1 56 40 1 17 40 1 17 55 1 0 55 1 0 100 1
SPRING 1 16 4 2 -60 13 -48 24 3 -20 11 -2 20 4 20 -6 41 2 5 60 10 68 29 2 100 0 -100 0 6 100 0 1 59 0 1 59 -24 1 2 -24 1 2 0 1 -100 0 1
SPRING 2 16 0 4 -100 -30 -100 10 100 10 100 -30 4 -100 -30 1 -100 10 1 100 10 1 100 -30 1
SPRING 3 16 1 2 -10 -10 20 20 4 -100 -10 90 -10 90 40 -100 40 8 -100 -10 1 -30 -10 1 -30 -30 1 40 -30 1 40 -10 1 90 -10 1 90 40 1 -100 40 1
SPRING 4 16 2 2 -60 1 -42 26 3 -20 -7 5 4 2 -100 0 0 0 -1
SPRING 1 16 3 2 -60 2 -50 22 3 -20 -2 1 11 4 20 2 32 26 2 -100 0 100 0 6 -100 0 1 -38 0 1 -38 -20 1 19 -20 1 19 0 1 100 0 1
SPRING 2 16 4 2 -10 -10 20 20 3 0 0 30 30 4 10 10 40 40 5 20 20 50 50 2 0 -100 0 100 -1
SPRING 3 16 0 2 100 0 -100 0 2 100 0 1 -100 0 1
SPRING 4 16 1 2 -60 1 -41 19 4 -100 -30 -100 10 100 10 100 -30 8 -100 -30 1 -100 10 1 -81 10 1 -81 40 1 -20 40 1 -20 10 1 100 10 1 100 -30 1
SPRING 1 16 2 2 -60 -2 -46 8 3 -20 4 -12 21 4 -100 -10 90 -10 90 40 -100 40 4 -100 -10 1 90 -10 1 90 40 1 -100 40 1
SPRING 2 16 3 2 -60 12 -47 34 3 -20 11 1 30 4 20 -12 46 10 2 -100 0 0 0 2 -100 0 1 0 0 1
SPRING 3 16 4 2 -60 -3 -41 11 3 -20 7 -10 15 4 20 -5 31 13 5 60 -12 83 7 2 -100 0 100 0 -1
SPRING 4 16 0 2 0 -100 0 100 2 0 -100 1 0 100 1
SPRING 1 16 1 2 -60 15 -47 25 2 100 0 -100 0 2 100 0 1 -100 0 1
SPRING 2 16 2 2 -60 8 -46 25 3 -20 -11 5 7 4 -100 -30 -100 10 100 10 100 -30 8 -100 -30 1 -100 10 1 -79 10 1 -79 -11 1 -27 -11 1 -27 10 1 100 10 1 100 -30 1
SPRING 3 16 3 2 -60 -3 -46 11 3 -20 7 -12 24 4 20 -14 32 7 4 -100 -10 90 -10 90 40 -100 40 8 -100 -10 1 0 -10 1 0 -34 1 52 -34 1 52 -10 1 90 -10 1 90 40 1 -100 40 1
SPRING 4 16 4 2 -10 -10 20 20 3 -8 -8 18 18 4 -6 -6 16 16 5 -4 -4 14 14 2 -100 0 0 0 -1
SPRING 1 16 0 2 -100 0 100 0 2 -100 0 1 100 0 1
SPRING 2 16 1 2 -60 -13 -35 10 2 0 -100 0 100 2 0 -100 1 0 100 1
SPRING 3 16 2 2 -60 12 -41 29 3 -20 9 2 28 2 100 0 -100 0 2 100 0 1 -100 0 1
SPRING 4 16 3 2 -60 9 -45 21 3 -20 -6 -3 19 4 20 2 37 16 4 -100 -30 -100 10 100 10 100 -30 12 -100 -30 1 -100 10 1 -81 10 1 -81 42 1 -24 42 1 -24 40 1 18 40 1 18 37 1 58 37 1 58 10 1 100 10 1 100 -30 1
SPRING 1 16 4 2 -60 13 -37 21 3 -20 -5 5 21 4 20 -14 44 -2 5 60 11 73 36 4 -100 -10 90 -10 90 40 -100 40 3 42 16 1 42 40 1 -100 40 1
SPRING 2 16 0 2 -100 0 0 0 2 -100 0 1 0 0 1
SPRING 3 16 1 2 -10 -10 20 20 2 -100 0 100 0 6 -100 0 1 -30 0 1 -30 -30 1 40 -30 1 40 0 1 100 0 1
SPRING 4 16 2 2 -60 9 -44 19 3 -20 -9 6 18 2 0 -100 0 100 6 0 -100 1 0 -30 1 27 -30 1 27 39 1 0 39 1 0 100 1
SPRING 1 16 3 2 -60 -13 -36 2 3 -20 10 -11 32 4 20 -13 43 -3 2 100 0 -100 0 6 100 0 1 -18 0 1 -18 -31 1 -78 -31 1 -78 0 1 -100 0 1
SPRING 2 16 4 2 -60 -6 -40 5 3 -20 9 2 31 4 20 6 47 18 5 60 12 74 21 4 -100 -30 -100 10 100 10 100 -30 14 -100 -30 1 -100 10 1 -79 10 1 -79 -25 1 -21 -25 1 -21 -10 1 1 -10 1 1 -13 1 66 -13 1 66 -7 1 93 -7 1 93 10 1 100 10 1 100 -30 1
SPRING 3 16 0 4 -100 -10 90 -10 90 40 -100 40 4 -100 -10 1 90 -10 1 90 40 1 -100 40 1
SPRING 4 16 1 2 -60 2 -33 29 2 -100 0 0 0 6 -100 0 1 -81 0 1 -81 -19 1 -12 -19 1 -12 0 1 0 0 1
SPRING 1 16 2 2 -10 -10 20 20 3 -8 -8 18 18 2 -100 0 100 0 6 -100 0 1 -28 0 1 -28 -28 1 38 -28 1 38 0 1 100 0 1
SPRING 2 16 3 2 -60 1 -36 26 3 -20 11 4 32 4 20 6 41 23 2 0 -100 0 100 10 0 -100 1 0 -8 1 1 -8 1 1 -13 1 60 -13 1 60 42 1 23 42 1 23 51 1 0 51 1 0 100 1
SPRING 3 16 4 2 -60 -6 -45 4 3 -20 -11 1 0 4 20 -14 35 -5 5 60 7 82 28 2 100 0 -100 0 8 100 0 1 21 0 1 21 20 1 -25 20 1 -25 24 1 -80 24 1 -80 0 1 -100 0 1
SPRING 4 16 0 4 -100 -30 -100 10 100 10 100 -30 4 -100 -30 1 -100 10 1 100 10 1 100 -30 1
SPRING 1 16 1 2 -60 1 -48 17 4 -100 -10 90 -10 90 40 -100 40 4 -100 -10 1 90 -10 1 90 40 1 -100 40 1
SPRING 2 16 2 2 -60 6 -35 31 3 -20 15 -2 31 2 -100 0 0 0 2 -100 0 1 0 0 1
SPRING 3 16 3 2 -60 -10 -42 6 3 -20 12 -6 25 4 20 1 43 25 2 -100 0 100 0 8 -100 0 1 -80 0 1 -80 26 1 -40 26 1 -40 45 1 63 45 1 63 0 1 100 0 1
SPRING 4 16 4 2 -60 13 -45 29 3 -20 4 4 24 4 20 -7 46 10 5 60 10 72 24 2 0 -100 0 100 10 0 -100 1 0 -17 1 -41 -17 1 -41 -8 1 -81 -8 1 -81 50 1 -24 50 1 -24 45 1 0 45 1 0 100 1
SPRING 1 16 0 2 100 0 -100 0 2 100 0 1 -100 0 1
SPRING 2 16 1 2 -60 5 -46 20 4 -100 -30 -100 10 100 10 100 -30 8 -100 -30 1 -100 10 1 -79 10 1 -79 -14 1 -27 -14 1 -27 10 1 100 10 1 100 -30 1
SPRING 3 16 2 2 -60 -10 -49 13 3 -20 -2 -5 12 4 -100 -10 90 -10 90 40 -100 40 8 -100 -10 1 -80 -10 1 -80 -30 1 -29 -30 1 -29 -10 1 90 -10 1 90 40 1 -100 40 1
SPRING 4 16 3 2 -10 -10 20 20 3 0 0 30 30 4 10 10 40 40 2 -100 0 0 0 -1
SPRING 1 16 4 2 -60 -15 -46 9 3 -20 -6 -10 6 4 20 4 30 28 5 60 -4 87 14 2 -100 0 100 0 -1
SPRING 2 16 0 2 0 -100 0 100 2 0 -100 1 0 100 1
SPRING 3 16 1 2 -60 0 -47 11 2 100 0 -100 0 6 100 0 1 -27 0 1 -27 -20 1 -80 -20 1 -80 0 1 -100 0 1
SPRING 4 16 2 2 -60 -15 -48 11 3 -20 6 2 33 4 -100 -30 -100 10 100 10 100 -30 10 -100 -30 1 -100 10 1 -81 10 1 -81 32 1 -41 32 1 -41 54 1 23 54 1 23 10 1 100 10 1 100 -30 1
SPRING 1 16 3 2 -60 -13 -33 3 3 -20 11 2 22 4 20 -13 28 -5 4 -100 -10 90 -10 90 40 -100 40 11 -78 -10 1 -78 21 1 -38 21 1 -38 40 1 20 40 1 20 13 1 46 13 1 46 -10 1 90 -10 1 90 40 1 -100 40 1
SPRING 2 16 4 2 -60 -2 -52 21 3 -20 10 -4 19 4 20 8 28 23 5 60 -8 73 19 2 -100 0 0 0 6 -100 0 1 -79 0 1 -79 -21 1 -33 -21 1 -33 0 1 0 0 1
SPRING 3 16 0 2 -100 0 100 0 2 -100 0 1 100 0 1
SPRING 4 16 1 2 -60 -3 -35 8 2 0 -100 0 100 2 0 -100 1 0 100 1
SPRING 1 16 2 2 -60 -7 -51 8 3 -20 -3 -3 10 2 100 0 -100 0 8 100 0 1 15 0 1 15 -21 1 -33 -21 1 -33 -25 1 -78 -25 1 -78 0 1 -100 0 1
SPRING 2 16 3 2 -60 3 -49 15 3 -20 5 -4 16 4 20 7 45 26 4 -100 -30 -100 10 100 10 100 -30 12 -100 -30 1 -100 10 1 -79 10 1 -79 -16 1 -30 -16 1 -30 -14 1 15 -14 1 15 -12 1 64 -12 1 64 10 1 100 10 1 100 -30 1
SPRING 3 16 4 2 -60 14 -38 41 3 -20 7 2 20 4 20 -9 42 -1 5 60 -14 70 5 4 -100 -10 90 -10 90 40 -100 40 5 -40 -10 1 -40 -6 1 -80 -6 1 -80 40 1 -100 40 1
SPRING 4 16 0 2 -100 0 0 0 2 -100 0 1 0 0 1
SPRING 1 16 1 2 -60 13 -45 33 2 -100 0 100 0 2 -100 0 1 100 0 1
SPRING 2 16 2 2 -60 -3 -50 14 3 -20 -3 -9 19 2 0 -100 0 100 2 0 -100 1 0 100 1
SPRING 3 16 3 2 -10 -10 20 20 3 -8 -8 18 18 4 -6 -6 16 16 2 100 0 -100 0 6 100 0 1 40 0 1 40 -30 1 -30 -30 1 -30 0 1 -100 0 1
SPRING 4 16 4 2 -60 1 -39 20 3 -20 -5 -3 21 4 20 -11 33 8 5 60 10 71 33 4 -100 -30 -100 10 100 10 100 -30 14 -100 -30 1 -100 10 1 -81 10 1 -81 -20 1 -41 -20 1 -41 -26 1 -1 -26 1 -1 -32 1 54 -32 1 54 -11 1 92 -11 1 92 10 1 100 10 1 100 -30 1
SPRING 1 16 0 4 -100 -10 90 -10 90 40 -100 40 4 -100 -10 1 90 -10 1 90 40 1 -100 40 1
SPRING 2 16 1 2 -60 5 -38 13 2 -100 0 0 0 2 -100 0 1 0 0 1
SPRING 3 16 2 2 -60 -3 -33 14 3 -20 -6 6 4 2 -100 0 100 0 8 -100 0 1 -80 0 1 -80 -23 1 -40 -23 1 -40 -26 1 26 -26 1 26 0 1 100 0 1
SPRING 4 16 3 2 -60 14 -45 28 3 -20 -9 -7 5 4 20 -10 38 13 2 0 -100 0 100 2 0 -100 1 0 100 1
SPRING 1 16 4 2 -60 0 -42 24 3 -20 14 7 31 4 20 -7 34 13 5 60 0 73 8 2 100 0 -100 0 12 100 0 1 91 0 1 91 -18 1 52 -18 1 52 -25 1 2 -25 1 2 0 1 -24 0 1 -24 -18 1 -78 -18 1 -78 0 1 -100 0 1
SPRING 2 16 0 4 -100 -30 -100 10 100 10 100 -30 4 -100 -30 1 -100 10 1 100 10 1 100 -30 1
SPRING 3 16 1 2 -60 -8 -34 4 4 -100 -10 90 -10 90 40 -100 40 8 -100 -10 1 -80 -10 1 -80 -28 1 -14 -28 1 -14 -10 1 90 -10 1 90 40 1 -100 40 1
SPRING 4 16 2 2 -60 1 -42 14 3 -20 10 2 22 2 -100 0 0 0 6 -100 0 1 -81 0 1 -81 -20 1 -21 -20 1 -21 0 1 0 0 1
SPRING 1 16 3 2 -60 -14 -48 10 3 -20 -2 -8 19 4 20 12 33 26 2 -100 0 100 0 8 -100 0 1 -78 0 1 -78 -32 1 -30 -32 1 -30 -20 1 10 -20 1 10 0 1 100 0 1
SPRING 2 16 4 2 -60 14 -42 29 3 -20 -1 -12 19 4 20 -13 38 -2 5 60 5 87 15 2 0 -100 0 100 2 0 -100 1 0 100 1
SPRING 3 16 0 2 100 0 -100 0 2 100 0 1 -100 0 1
SPRING 4 16 1 2 -10 -10 20 20 4 -100 -30 -100 10 100 10 100 -30 8 -100 -30 1 -100 10 1 -31 10 1 -31 41 1 41 41 1 41 10 1 100 10 1 100 -30 1
SPRING 1 16 2 2 -60 -2 -36 19 3 -20 -3 -3 10 4 -100 -10 90 -10 90 40 -100 40 4 -100 -10 1 90 -10 1 90 40 1 -100 40 1
SPRING 2 16 3 2 -60 -7 -42 14 3 -20 -4 1 7 4 20 -7 31 16 2 -100 0 0 0 -1
SPRING 3 16 4 2 -60 -12 -46 10 3 -20 4 -2 14 4 20 5 42 26 5 60 3 75 23 2 -100 0 100 0 12 -100 0 1 -80 0 1 -80 30 1 -40 30 1 -40 34 1 0 34 1 0 46 1 62 46 1 62 43 1 95 43 1 95 0 1 100 0 1
SPRING 4 16 0 2 0 -100 0 100 2 0 -100 1 0 100 1
SPRING 1 16 1 2 -60 7 -52 30 2 100 0 -100 0 2 100 0 1 -100 0 1
SPRING 2 16 2 2 -10 -10 20 20 3 0 0 30 30 4 -100 -30 -100 10 100 10 100 -30 -1
SPRING 3 16 3 2 -60 4 -35 27 3 -20 -9 -8 0 4 20 15 31 35 4 -100 -10 90 -10 90 40 -100 40 3 -80 -10 1 -80 40 1 -100 40 1
SPRING 4 16 4 2 -60 13 -39 34 3 -20 -6 -2 13 4 20 -14 46 3 5 60 14 75 27 2 -100 0 0 0 -1
SPRING 1 16 0 2 -100 0 100 0 2 -100 0 1 100 0 1
SPRING 2 16 1 2 -60 -5 -39 22 2 0 -100 0 100 2 0 -100 1 0 100 1
SPRING 3 16 2 2 -60 -12 -49 0 3 -20 13 -11 21 2 100 0 -100 0 6 100 0 1 -29 0 1 -29 20 1 -80 20 1 -80 0 1 -100 0 1
SPRING 4 16 3 2 -60 1 -46 22 3 -20 -5 -2 6 4 20 9 32 18 4 -100 -30 -100 10 100 10 100 -30 12 -100 -30 1 -100 10 1 -81 10 1 -81 -20 1 -41 -20 1 -41 -26 1 19 -26 1 19 -12 1 53 -12 1 53 10 1 100 10 1 100 -30 1
SPRING 1 16 4 2 -10 -10 20 20 3 -8 -8 18 18 4 -6 -6 16 16 5 -4 -4 14 14 4 -100 -10 90 -10 90 40 -100 40 8 -100 -10 1 -28 -10 1 -28 -28 1 38 -28 1 38 -10 1 90 -10 1 90 40 1 -100 40 1
SPRING 2 16 0 2 -100 0 0 0 2 -100 0 1 0 0 1
SPRING 3 16 1 2 -60 -12 -49 13 2 -100 0 100 0 6 -100 0 1 -80 0 1 -80 -32 1 -29 -32 1 -29 0 1 100 0 1
SPRING 4 16 2 2 -60 0 -36 20 3 -20 -6 -8 15 2 0 -100 0 100 2 0 -100 1 0 100 1
SPRING 1 16 3 2 -60 6 -47 16 3 -20 -15 -6 2 4 20 8 29 29 2 100 0 -100 0 6 100 0 1 12 0 1 12 20 1 -38 20 1 -38 0 1 -100 0 1
SPRING 2 16 4 2 -60 3 -43 20 3 -20 -9 -10 8 4 20 -4 37 13 5 60 -2 83 10 4 -100 -30 -100 10 100 10 100 -30 12 -100 -30 1 -100 10 1 -79 10 1 -79 -16 1 -39 -16 1 -39 -28 1 9 -28 1 9 -23 1 56 -23 1 56 -21 1 100 -21 1 100 -30 1
SPRING 3 16 0 4 -100 -10 90 -10 90 40 -100 40 4 -100 -10 1 90 -10 1 90 40 1 -100 40 1
SPRING 4 16 1 2 -60 -15 -40 -7 2 -100 0 0 0 2 -100 0 1 0 0 1
SPRING 1 16 2 2 -60 -1 -40 10 3 -20 -15 -1 9 2 -100 0 100 0 8 -100 0 1 -78 0 1 -78 28 1 -22 28 1 -22 27 1 17 27 1 17 0 1 100 0 1
SPRING 2 16 3 2 -60 1 -51 10 3 -20 -6 -9 14 4 20 8 45 24 2 0 -100 0 100 2 0 -100 1 0 100 1
SPRING 3 16 4 2 -10 -10 20 20 3 0 0 30 30 4 10 10 40 40 5 20 20 50 50 2 100 0 -100 0 -1
SPRING 4 16 0 4 -100 -30 -100 10 100 10 100 -30 4 -100 -30 1 -100 10 1 100 10 1 100 -30 1
SPRING 1 16 1 2 -60 13 -34 27 4 -100 -10 90 -10 90 40 -100 40 4 -100 -10 1 90 -10 1 90 40 1 -100 40 1
SPRING 2 16 2 2 -10 -10 20 20 3 -8 -8 18 18 2 -100 0 0 0 -1
SPRING 3 16 3 2 -60 14 -42 33 3 -20 -4 2 20 4 20 -11 42 16 2 -100 0 100 0 8 -100 0 1 -40 0 1 -40 -24 1 0 -24 1 0 -31 1 62 -31 1 62 0 1 100 0 1
SPRING 4 16 4 2 -60 7 -38 15 3 -20 10 -7 32 4 20 13 30 28 5 60 15 71 35 2 0 -100 0 100 2 0 -100 1 0 100 1
SPRING 1 16 0 2 100 0 -100 0 2 100 0 1 -100 0 1
SPRING 2 16 1 2 -60 -1 -44 10 4 -100 -30 -100 10 100 10 100 -30 8 -100 -30 1 -100 10 1 -79 10 1 -79 29 1 -25 29 1 -25 10 1 100 10 1 100 -30 1
SPRING 3 16 2 2 -60 -1 -52 8 3 -20 11 3 22 4 -100 -10 90 -10 90 40 -100 40 4 -100 -10 1 90 -10 1 90 40 1 -100 40 1
SPRING 4 16 3 2 -60 -10 -45 9 3 -20 -11 -10 -2 4 20 -9 42 4 2 -100 0 0 0 -1
